0.2074621,1.463773,0.481430,
0.2046462,1.46751,0.487809,
0.2029642,1.468576,0.492629,
0.2030257,1.469085,0.496066,
0.2031173,1.470911,0.498384,
0.2065371,1.471304,0.498201,
0.2124223,1.471669,0.497162,
0.2207398,1.471644,0.491732,
0.2316163,1.472245,0.486176,
0.2445136,1.473516,0.478480,
0.2568929,1.474764,0.469945,
0.273073,1.478038,0.458013,
0.2903197,1.482099,0.444057,
0.3077676,1.486852,0.427475,
0.3248831,1.491925,0.41180,
0.3419755,1.49729,0.39044,
0.3610986,1.506801,0.368047,
0.380446,1.516585,0.343122,
0.3994537,1.527484,0.316033,
0.4143988,1.536945,0.288076,
0.4311575,1.54962,0.257095,
0.4460666,1.562628,0.224754,
0.4576609,1.572978,0.190375,
0.4684616,1.585297,0.155451,
0.4742731,1.594662,0.116440,
0.4824386,1.605715,0.0822133,
0.4846022,1.614572,0.0450265,
0.4862752,1.622311,0.0101549,
0.4859345,1.627947,-0.0251674,
0.4799151,1.636908,-0.0882468,
0.4755261,1.640361,-0.116179,
0.4713896,1.643004,-0.143337,
0.4654144,1.643173,-0.168930,
0.4583431,1.642321,-0.191643,
0.4511563,1.638929,-0.214030,
0.4436085,1.6337,-0.234627,
0.4370848,1.628862,-0.254531,
0.4301109,1.618523,-0.268545,
0.4245202,1.610538,-0.284762,
0.4194544,1.600057,-0.294377,
0.4153059,1.58866,-0.301680,
0.4111168,1.577591,-0.309290,
0.4090558,1.565483,-0.311974,
0.4070459,1.550977,-0.312544,
0.4061217,1.535143,-0.312146,
0.406016,1.518698,-0.309275,
0.4070564,1.500271,-0.304909,
0.4075789,1.482137,-0.300846,
0.4103494,1.461628,-0.2926,
0.41379,1.438711,-0.282792,
0.4164229,1.414183,-0.271477,
0.419153,1.390051,-0.2595,
0.4222118,1.360758,-0.243999,
0.4244094,1.333422,-0.230781,
0.4257758,1.305115,-0.213186,
0.4271375,1.270644,-0.192937,
0.4262542,1.237712,-0.175375,
0.4252342,1.203714,-0.148809,
0.4218106,1.167385,-0.124593,
0.4145781,1.131256,-0.0983923,
0.4066682,1.095305,-0.0723183,
0.3960462,1.05937,-0.0447542,
0.3825999,1.024572,-0.0172226,
0.3676373,0.99044,0.011496,
0.3456271,0.9597459,0.0428715,
0.3234977,0.9314797,0.069597,
0.3016457,0.9049051,0.0977907,
0.2798252,0.88854,0.125538,
0.259535,0.8755529,0.147850,
0.2409641,0.8626145,0.167380,
0.2276639,0.8564008,0.181337,
0.2111292,0.8544704,0.19699,
0.1938426,0.8497283,0.216305,
0.1828023,0.8541746,0.231838,
0.1678042,0.8557814,0.249655,
0.1612192,0.8668233,0.264813,
0.1604762,0.8785435,0.27569,
0.1633,0.8905265,0.282937,
0.1687249,0.9050466,0.292224,
0.1707697,0.917574,0.300134,
0.17825,0.9346546,0.306171,
0.1935022,0.9533947,0.311151,
0.2073703,0.9749604,0.316766,
0.2231733,0.9980426,0.321697,
0.2402824,1.022805,0.329175,
0.2578327,1.047661,0.332388,
0.2760662,1.073131,0.3346,
0.2925242,1.098837,0.339572,
0.3140023,1.128979,0.341325,
0.3317034,1.158517,0.346226,
0.351473,1.190882,0.348388,
0.3739925,1.227967,0.351691,
0.3941509,1.263057,0.355052,
0.4089607,1.299987,0.355900,
0.4271465,1.338912,0.358081,
0.4433928,1.381455,0.359142,
0.4531437,1.422029,0.356466,
0.4641984,1.464439,0.35409,
0.4723118,1.505619,0.350831,
0.4755754,1.544632,0.345623,
0.4783398,1.582517,0.340966,
0.4757408,1.612801,0.331878,
0.4741586,1.650488,0.327966,
0.4679989,1.68087,0.320587,
0.4604675,1.707793,0.311576,
0.4515226,1.735559,0.304459,
0.4414167,1.760044,0.29639,
0.4284066,1.77842,0.28680,
0.4171768,1.79894,0.278790,
0.4038882,1.814164,0.268883,
0.3907709,1.827545,0.257677,
0.3785324,1.840551,0.247362,
0.3666202,1.849191,0.233921,
0.3564062,1.853277,0.217644,
0.3462825,1.858737,0.204232,
0.3381672,1.860346,0.189895,
0.3326577,1.859901,0.175620,
0.3263544,1.858207,0.16137,
0.3239266,1.853702,0.150676,
0.3239517,1.847994,0.142010,
0.3259328,1.838994,0.135571,
0.3301185,1.829632,0.132067,
0.3361976,1.818795,0.129275,
0.3416792,1.806551,0.126348,
0.3502179,1.791376,0.12461,
0.3589555,1.77345,0.123536,
0.3667071,1.756253,0.120655,
0.3771629,1.731989,0.118572,
0.3861598,1.707886,0.116539,
0.3942941,1.685337,0.115375,
0.403337,1.656071,0.111677,
0.4100817,1.624597,0.106806,
0.41754,1.591291,0.103432,
0.4230321,1.556036,0.0958559,
0.4252571,1.519208,0.0866988,
0.4285746,1.4842,0.0819382,
0.4290848,1.445091,0.0704275,
0.4276279,1.406097,0.0607310,
0.4235218,1.368388,0.0503562,
0.4168437,1.329591,0.0365049,
0.4069397,1.293091,0.0222058,
0.3957659,1.258507,0.00387346,
0.3846526,1.223707,-0.0106005,
0.3702512,1.192188,-0.0280590,
0.3562346,1.160723,-0.041739,
0.3394459,1.134376,-0.054035,
0.3241486,1.108305,-0.067079,
0.3077324,1.082773,-0.0802750,
0.2918587,1.059694,-0.0941070,
0.2739639,1.038778,-0.10490,
0.2564355,1.020816,-0.112763,
0.2394966,1.003034,-0.1203,
0.2272779,0.988968,-0.12492,
0.2156373,0.9781028,-0.127110,
0.206299,0.9690391,-0.129386,
0.1973573,0.9603148,-0.130859,
0.191332,0.9558277,-0.130263,
0.1845291,0.9486867,-0.129799,
0.1793177,0.9450036,-0.125032,
0.1768116,0.9433687,-0.117299,
0.1761189,0.9426135,-0.108572,
0.1757422,0.9413934,-0.100567,
0.1784356,0.9429425,-0.089299,
0.1815247,0.9449631,-0.0763554,
0.1846269,0.9470012,-0.0639764,
0.1935296,0.9529189,-0.0478359,
0.2002657,0.957137,-0.0339336,
0.2105911,0.9639071,-0.0181713,
0.2220442,0.9722534,0.000173330,
0.2335696,0.9811664,0.0193694,
0.2441107,0.9904619,0.0379689,
0.256782,1.002437,0.0595221,
0.2689044,1.016376,0.0834497,
0.2790833,1.030914,0.106551,
0.2908147,1.050717,0.135970,
0.301952,1.071457,0.163417,
0.3138677,1.092035,0.190071,
0.3263226,1.116767,0.218096,
0.3363356,1.143129,0.246948,
0.3444029,1.170214,0.273353,
0.3506887,1.202778,0.301578,
0.3567749,1.23318,0.328200,
0.3581939,1.26841,0.351823,
0.360874,1.302816,0.375893,
0.3605297,1.34084,0.397409,
0.3557999,1.377789,0.415875,
0.3477622,1.416209,0.430529,
0.339957,1.452065,0.444322,
0.328881,1.487662,0.454967,
0.31665,1.520387,0.461940,
0.3051733,1.551635,0.468538,
0.2931775,1.581622,0.472119,
0.2808601,1.60934,0.474029,
0.2684795,1.635302,0.474055,
0.2560485,1.655711,0.469753,
0.2443006,1.676116,0.467194,
0.2332392,1.695972,0.464960,
0.2239426,1.709701,0.460664,
0.2161786,1.723778,0.457137,
0.2096971,1.736242,0.453572,
0.2041928,1.742984,0.44722,
0.2001357,1.751511,0.444395,
0.1974204,1.75849,0.442099,
0.1948348,1.762174,0.438138,
0.1941608,1.766024,0.436686,
0.1944828,1.768445,0.435233,
0.1953391,1.768434,0.433310,
0.196561,1.768033,0.432231,
