-0.1385402,1.427412,0.465053,
-0.1399355,1.427966,0.465677,
-0.1402162,1.427618,0.467614,
-0.1386768,1.426999,0.471012,
-0.1351639,1.425548,0.474434,
-0.1296945,1.422782,0.478529,
-0.1212392,1.421541,0.483912,
-0.1119054,1.421326,0.488681,
-0.09732276,1.422669,0.494464,
-0.08102715,1.425708,0.499283,
-0.06363291,1.429363,0.504357,
-0.04644841,1.433667,0.509452,
-0.02231014,1.440672,0.515555,
-0.001409531,1.446832,0.521662,
0.02551347,1.453884,0.530116,
0.05531514,1.461478,0.539089,
0.08610153,1.468971,0.548451,
0.1156427,1.475845,0.556424,
0.1479498,1.483728,0.563296,
0.1816748,1.491766,0.569616,
0.2139521,1.500358,0.573030,
0.2462364,1.508992,0.574680,
0.2782738,1.517006,0.57532,
0.3096487,1.525381,0.573287,
0.339141,1.532754,0.568886,
0.3657784,1.539877,0.562803,
0.3895322,1.546806,0.555966,
0.4089519,1.553737,0.547798,
0.4236177,1.557697,0.540036,
0.437197,1.56375,0.532678,
0.4529411,1.568198,0.526228,
0.4645552,1.568566,0.519672,
0.4768721,1.569605,0.51248,
0.4894836,1.568055,0.505787,
0.5002474,1.564871,0.500278,
0.5120188,1.559723,0.49462,
0.5187235,1.552427,0.489280,
0.5201885,1.542871,0.486117,
0.5235164,1.533003,0.48546,
0.520154,1.521419,0.487078,
0.5176691,1.509486,0.487309,
0.5105319,1.494402,0.490618,
0.5026473,1.477455,0.493838,
0.4923931,1.457689,0.497287,
0.4821372,1.436932,0.501025,
0.4720163,1.416595,0.503736,
0.4582351,1.39216,0.505525,
0.44366,1.366349,0.509633,
0.426815,1.340236,0.51065,
0.412059,1.314526,0.510234,
0.3923171,1.285898,0.50924,
0.3710059,1.255771,0.507226,
0.348751,1.225028,0.503496,
0.3258528,1.193872,0.500053,
0.2992459,1.160016,0.494990,
0.2712613,1.126122,0.488104,
0.2426598,1.094178,0.480164,
0.2143283,1.064175,0.468969,
0.1872478,1.037984,0.457148,
0.1623676,1.012469,0.444021,
0.1394911,0.9880881,0.42658,
0.1165954,0.9679269,0.41081,
0.09260499,0.9472556,0.395015,
0.07097435,0.9364713,0.380549,
0.05144578,0.9244354,0.366247,
0.03562087,0.9198428,0.355875,
0.0240854,0.9190171,0.348935,
0.009726286,0.9141428,0.338874,
-0.002034009,0.9138231,0.331995,
-0.0155853,0.9103073,0.324784,
-0.02354836,0.9112436,0.321340,
-0.02930439,0.9138694,0.319489,
-0.03338742,0.9185618,0.321577,
-0.03577137,0.924572,0.323553,
-0.03833401,0.9304613,0.326407,
-0.03909618,0.9424332,0.334535,
-0.04261816,0.9494979,0.337312,
-0.04084694,0.9626606,0.347992,
-0.03592998,0.9813189,0.365142,
-0.03364027,0.9966679,0.377522,
-0.0262652,1.019351,0.398475,
-0.02150941,1.039359,0.415604,
-0.01630551,1.06183,0.433829,
-0.00860709,1.092541,0.458104,
-0.001503646,1.123666,0.478755,
0.004519761,1.155239,0.498880,
0.01217633,1.193566,0.519790,
0.01968551,1.231106,0.538835,
0.02717406,1.275511,0.553349,
0.03484046,1.319794,0.565834,
0.04162055,1.363616,0.574702,
0.04892099,1.405526,0.580696,
0.05271679,1.448373,0.579688,
0.05877858,1.48765,0.578054,
0.06202269,1.524545,0.576575,
0.06463999,1.558348,0.571933,
0.06721008,1.591709,0.568031,
0.06836915,1.620534,0.559971,
0.06778467,1.646325,0.552087,
0.064816,1.667111,0.542564,
0.06335437,1.686795,0.533453,
0.06567723,1.70768,0.526139,
0.06716055,1.725248,0.518823,
0.06988272,1.737285,0.511687,
0.07478511,1.75093,0.507538,
0.07920209,1.764963,0.503544,
0.08294645,1.770926,0.49944,
0.08827662,1.778438,0.497106,
0.09144789,1.7829,0.494707,
0.09741858,1.787477,0.493536,
0.1035587,1.786121,0.494612,
0.1097672,1.787999,0.494805,
0.1164623,1.785538,0.495982,
0.1226605,1.783455,0.496450,
0.1290221,1.776892,0.497784,
0.136553,1.769644,0.500309,
0.1490265,1.747277,0.504307,
0.1566792,1.736258,0.506599,
0.1640146,1.720821,0.509022,
0.172519,1.703359,0.511419,
0.1820639,1.684403,0.513629,
0.1921904,1.663379,0.515356,
0.2034996,1.638446,0.516413,
0.2148821,1.615936,0.517368,
0.2255179,1.591815,0.517666,
0.2366017,1.563608,0.517097,
0.2488922,1.533876,0.516032,
0.2602124,1.504355,0.514276,
0.272394,1.470904,0.51067,
0.2851949,1.435988,0.505476,
0.2978379,1.399838,0.498531,
0.3100569,1.360529,0.488767,
0.3229368,1.325019,0.480909,
0.3343278,1.284323,0.466668,
0.3460814,1.244909,0.451646,
0.3576326,1.206631,0.435958,
0.3678304,1.169302,0.416810,
0.3772427,1.134863,0.396010,
0.386497,1.102401,0.375495,
0.3939948,1.07539,0.353761,
0.3998992,1.054828,0.331551,
0.4056085,1.03127,0.309168,
0.4087726,1.011626,0.288686,
0.411519,0.9917132,0.268674,
0.4111476,0.9774376,0.251184,
0.4089912,0.969457,0.23915,
0.4086226,0.958196,0.225329,
0.4065581,0.9509841,0.21772,
0.4042737,0.9438524,0.208735,
0.3983963,0.9407158,0.205166,
0.3916724,0.9373103,0.207270,
0.3817275,0.9365231,0.209552,
0.3710155,0.9371854,0.213870,
0.3619077,0.9374876,0.222952,
0.3518998,0.9384192,0.228587,
0.3393669,0.9421177,0.238541,
0.3274748,0.9459699,0.251289,
0.3109291,0.9545659,0.267399,
0.2954651,0.96355,0.28262,
0.2822255,0.9737212,0.298246,
0.2657889,0.9859771,0.315886,
0.2472676,0.9997888,0.333231,
0.2285042,1.013144,0.348116,
0.201481,1.033322,0.364137,
0.1777951,1.050456,0.375556,
0.15095,1.076845,0.388929,
0.1252213,1.104574,0.402485,
0.0997805,1.132398,0.414865,
0.0751335,1.163109,0.425892,
0.05026186,1.189764,0.432351,
0.02593905,1.22198,0.440001,
0.002718687,1.250343,0.44679,
-0.01674998,1.283345,0.451161,
-0.03772092,1.314541,0.454974,
-0.05765516,1.345082,0.458372,
-0.07444149,1.37596,0.459068,
-0.09013504,1.406004,0.46017,
-0.1043402,1.43468,0.460194,
-0.1150205,1.462753,0.458885,
-0.1253108,1.48826,0.457493,
-0.1344458,1.513845,0.456528,
-0.140177,1.537314,0.454850,
-0.1442031,1.557551,0.453334,
-0.1485474,1.579194,0.45179,
-0.1487265,1.596344,0.448972,
-0.1502184,1.612905,0.446566,
-0.1515746,1.629448,0.443536,
-0.1503221,1.640237,0.43964,
-0.150206,1.652241,0.435997,
-0.1487046,1.661568,0.431203,
-0.1472133,1.669001,0.426363,
