0.09949708,1.436399,0.327761,
0.1008146,1.433249,0.331734,
0.1068465,1.429266,0.33428,
0.1113413,1.426301,0.337253,
0.1198447,1.423023,0.337112,
0.1308275,1.42212,0.335117,
0.1414157,1.420586,0.332419,
0.1561344,1.421488,0.327367,
0.1715001,1.422441,0.32085,
0.1874077,1.423316,0.311992,
0.2016395,1.425667,0.303818,
0.2187664,1.428446,0.292645,
0.2349193,1.430997,0.278687,
0.2520328,1.435484,0.265674,
0.2721624,1.442176,0.246349,
0.289515,1.447584,0.226648,
0.307291,1.454476,0.20834,
0.3254233,1.462484,0.186263,
0.3424444,1.470182,0.164241,
0.3588265,1.479969,0.139408,
0.3738385,1.490746,0.111287,
0.3884736,1.500298,0.0853213,
0.3999066,1.510219,0.0563628,
0.4109911,1.520374,0.0275602,
0.42038,1.528082,-0.00265073,
0.4281791,1.537393,-0.0314631,
0.4348517,1.54568,-0.0597530,
0.4391297,1.552048,-0.0887858,
0.4437156,1.559969,-0.115587,
0.4441717,1.566056,-0.140715,
0.4459836,1.571853,-0.166514,
0.4455425,1.576739,-0.188711,
0.4444196,1.580328,-0.209609,
0.4429533,1.582523,-0.229773,
0.4415122,1.585683,-0.248202,
0.4390243,1.58593,-0.264686,
0.436296,1.584921,-0.280090,
0.4338172,1.584502,-0.294672,
0.4305096,1.58072,-0.30446,
0.4276845,1.57819,-0.316621,
0.4244587,1.573331,-0.324085,
0.4217885,1.566495,-0.329132,
0.4203068,1.558109,-0.332011,
0.4189098,1.549232,-0.331967,
0.4187909,1.537635,-0.329765,
0.4191063,1.52655,-0.327645,
0.4191957,1.51416,-0.324158,
0.420235,1.497028,-0.313549,
0.4203025,1.48045,-0.304460,
0.4203456,1.463795,-0.294246,
0.4191692,1.443471,-0.278847,
0.4177042,1.424693,-0.265386,
0.4153019,1.403459,-0.248942,
0.4112639,1.380468,-0.230981,
0.4064848,1.356293,-0.212691,
0.4016934,1.332036,-0.192836,
0.3946792,1.304791,-0.168465,
0.3850146,1.276933,-0.142171,
0.3740571,1.248374,-0.11472,
0.362484,1.220263,-0.0879020,
0.3460006,1.191105,-0.0559687,
0.3292759,1.161854,-0.0275723,
0.3049831,1.131468,0.00194227,
0.2817534,1.1051,0.0309403,
0.2551102,1.07793,0.0565917,
0.2276085,1.05321,0.0797904,
0.2014403,1.03277,0.102341,
0.175688,1.015155,0.117837,
0.1505207,0.9993523,0.129838,
0.1263935,0.985259,0.136870,
0.09964764,0.9706312,0.148479,
0.07576209,0.9617313,0.153732,
0.05294353,0.9529,0.161672,
0.04612613,0.9499441,0.158235,
0.03232753,0.9471444,0.163331,
0.02549291,0.9495004,0.165849,
0.02093965,0.9499329,0.169067,
0.02181113,0.9568462,0.169561,
0.01958984,0.9602994,0.171259,
0.02930081,0.9659559,0.171594,
0.04001164,0.97436,0.171850,
0.05317956,0.9840246,0.172219,
0.06541175,0.9928828,0.175177,
0.08260125,1.004315,0.175591,
0.1014462,1.016647,0.175891,
0.1228442,1.031665,0.179191,
0.1445019,1.047774,0.180533,
0.1644251,1.065438,0.183665,
0.1889696,1.086247,0.185524,
0.2149456,1.110261,0.186715,
0.2410653,1.138328,0.187533,
0.2621516,1.168025,0.189002,
0.2844673,1.206252,0.190743,
0.3023717,1.243139,0.19348,
0.3181247,1.282003,0.195493,
0.3291876,1.32206,0.198926,
0.3381793,1.36221,0.201502,
0.3435063,1.401609,0.200840,
0.3472181,1.441489,0.20163,
0.3425,1.480505,0.201526,
0.3415711,1.517445,0.200658,
0.3389236,1.552333,0.199224,
0.3332675,1.585932,0.199037,
0.3214941,1.645495,0.194822,
0.3123489,1.668392,0.193061,
0.3048091,1.690075,0.190046,
0.296926,1.709481,0.187715,
0.2885082,1.726427,0.184065,
0.2820957,1.738652,0.175000,
0.2775956,1.752093,0.168977,
0.2723269,1.764307,0.163564,
0.2699203,1.769817,0.157517,
0.2668678,1.778454,0.152365,
0.2669424,1.779916,0.146158,
0.2659564,1.781334,0.13958,
0.2664873,1.780612,0.134419,
0.2671096,1.777854,0.129705,
0.2670833,1.775905,0.125516,
0.2674694,1.769786,0.122191,
0.2676857,1.760457,0.121373,
0.2678092,1.753044,0.119329,
0.2685713,1.74132,0.118305,
0.2693191,1.727656,0.118873,
0.2709535,1.713137,0.116543,
0.2730857,1.69835,0.113728,
0.2764702,1.679757,0.112078,
0.2796862,1.661728,0.107714,
0.2841084,1.639579,0.102082,
0.2891307,1.615889,0.0986741,
0.2929204,1.590256,0.0926538,
0.296434,1.563089,0.0859608,
0.2996861,1.53477,0.0799426,
0.3020691,1.506633,0.0716880,
0.3038813,1.475053,0.061088,
0.3046687,1.442451,0.0501543,
0.3045336,1.408057,0.0380662,
0.3027587,1.372795,0.0256900,
0.2996196,1.338488,0.0128446,
0.2942155,1.302633,-0.000646114,
0.2872795,1.266919,-0.0147345,
0.279643,1.231391,-0.0296524,
0.269575,1.196531,-0.0439622,
0.2570325,1.164529,-0.0586235,
0.2443317,1.133022,-0.0744770,
0.2307443,1.104856,-0.0899318,
0.2169532,1.078955,-0.105400,
0.2021437,1.055788,-0.121668,
0.1880113,1.032354,-0.135949,
0.1751488,1.014563,-0.148364,
0.1626086,1.001311,-0.157217,
0.1517206,0.9910328,-0.162982,
0.1427971,0.9824845,-0.166970,
0.1332645,0.9736103,-0.171808,
0.1286966,0.9695759,-0.173471,
0.1231111,0.9655183,-0.17447,
0.117209,0.9604181,-0.174889,
0.1144447,0.9605209,-0.168204,
0.1122512,0.9587352,-0.162861,
0.1113869,0.9623348,-0.150456,
0.1102878,0.964735,-0.138658,
0.1111017,0.9684872,-0.12536,
0.1121816,0.9727399,-0.112876,
0.1167198,0.9802209,-0.0970170,
0.1225745,0.9881852,-0.0813883,
0.1292117,0.9972036,-0.0647846,
0.1356793,1.005849,-0.0493147,
0.1444257,1.019181,-0.0294709,
0.1512427,1.030401,-0.0109838,
0.1591736,1.044759,0.0103099,
0.1672963,1.061125,0.032582,
0.1745476,1.080389,0.0551396,
0.1822497,1.100713,0.0785441,
0.1891131,1.122524,0.102132,
0.193116,1.14424,0.124237,
0.1968563,1.168376,0.148078,
0.198949,1.193687,0.17178,
0.198054,1.218908,0.192894,
0.1969116,1.248094,0.214971,
0.195713,1.275916,0.235442,
0.1911515,1.302635,0.253730,
0.1877666,1.329951,0.271574,
0.1836897,1.356351,0.288182,
0.1775989,1.381625,0.302221,
0.1727498,1.405903,0.315604,
0.1677857,1.428621,0.32767,
0.1617095,1.448367,0.336448,
0.1567422,1.467778,0.345774,
0.152012,1.486649,0.353852,
0.1467638,1.501339,0.359884,
0.1414418,1.515883,0.366137,
0.1358223,1.530234,0.371998,
0.1295724,1.538874,0.375904,
0.1233287,1.545714,0.379644,
0.1175312,1.554333,0.38423,
0.1120161,1.559879,0.388699,
0.1067298,1.562466,0.392175,
0.1026629,1.56432,0.397234,
0.09918612,1.562293,0.400074,
0.09572554,1.560464,0.402393,
0.09224248,1.557492,0.404204,
0.08926374,1.554204,0.405979,
0.08551216,1.548701,0.406755,
