-0.541569,1.418111,-0.837188,
-0.5519505,1.416469,-0.837162,
-0.56528,1.415921,-0.835104,
-0.5801666,1.417307,-0.831480,
-0.6014631,1.422606,-0.82286,
-0.6258574,1.430365,-0.810112,
-0.6490419,1.436691,-0.797039,
-0.679634,1.447139,-0.77878,
-0.7049508,1.456828,-0.764820,
-0.7297862,1.467164,-0.744927,
-0.7557169,1.477512,-0.724833,
-0.781414,1.487743,-0.704406,
-0.8074975,1.498838,-0.677618,
-0.8330331,1.509394,-0.649144,
-0.8579721,1.518791,-0.618181,
-0.8801532,1.527647,-0.587215,
-0.9005785,1.535707,-0.555196,
-0.9185176,1.542206,-0.523213,
-0.9350827,1.54856,-0.491023,
-0.94637,1.552878,-0.459254,
-0.95855,1.556401,-0.427862,
-0.967077,1.558964,-0.397174,
-0.9721937,1.561077,-0.369798,
-0.9765217,1.56194,-0.342376,
-0.9792588,1.562973,-0.317209,
-0.9816786,1.564164,-0.293986,
-0.9809623,1.56414,-0.273794,
-0.9792566,1.563565,-0.257262,
-0.9763516,1.562243,-0.243686,
-0.974152,1.560974,-0.233746,
-0.972603,1.558882,-0.223601,
-0.9708759,1.555195,-0.223183,
-0.9703735,1.553166,-0.219598,
-0.9696915,1.544674,-0.224124,
-0.9696321,1.539182,-0.231665,
-0.9697907,1.531521,-0.241007,
-0.9685591,1.524029,-0.248329,
-0.9681597,1.514001,-0.2603,
-0.9688417,1.501655,-0.27488,
-0.9667667,1.488484,-0.288475,
-0.964046,1.473009,-0.302651,
-0.9616278,1.455831,-0.317475,
-0.9558638,1.437716,-0.331375,
-0.9505391,1.418831,-0.345340,
-0.9445018,1.396903,-0.36164,
-0.936445,1.373406,-0.37746,
-0.9278599,1.349609,-0.393407,
-0.9175271,1.322553,-0.411502,
-0.9037066,1.292312,-0.429501,
-0.8909864,1.263611,-0.44576,
-0.8754218,1.232519,-0.461715,
-0.856867,1.200595,-0.476826,
-0.8378763,1.169068,-0.491168,
-0.8140494,1.137539,-0.503376,
-0.7909799,1.107595,-0.515256,
-0.7655159,1.079249,-0.524324,
-0.7389369,1.053652,-0.53176,
-0.7117758,1.030504,-0.537864,
-0.6845767,1.008497,-0.543091,
-0.6589047,0.9930839,-0.545486,
-0.6371062,0.9841738,-0.545622,
-0.6189724,0.9749386,-0.546592,
-0.6115646,0.9771026,-0.546688,
-0.6012858,0.9738971,-0.548423,
-0.5941801,0.9772637,-0.551243,
-0.5868708,0.984714,-0.555083,
-0.5820632,0.9882053,-0.55862,
-0.5871925,1.002594,-0.568275,
-0.5852185,1.011925,-0.573555,
-0.5898428,1.024426,-0.580553,
-0.5973427,1.038039,-0.587621,
-0.6074526,1.052767,-0.595485,
-0.6164637,1.067337,-0.602169,
-0.6305841,1.084863,-0.60944,
-0.6449635,1.103509,-0.617724,
-0.6612493,1.122367,-0.626038,
-0.6773419,1.143679,-0.633999,
-0.692342,1.164853,-0.641376,
-0.7100936,1.188775,-0.649651,
-0.7272561,1.215731,-0.657243,
-0.7444119,1.244767,-0.66410,
-0.7607123,1.272943,-0.669530,
-0.7760997,1.30572,-0.674362,
-0.7896457,1.339568,-0.677605,
-0.8018483,1.373224,-0.680537,
-0.8117728,1.407313,-0.681863,
-0.8213273,1.440114,-0.682336,
-0.8277339,1.473626,-0.680924,
-0.8337593,1.505516,-0.679643,
-0.835319,1.536633,-0.676994,
-0.8448987,1.567204,-0.676573,
-0.8452137,1.596332,-0.674775,
-0.8416272,1.624343,-0.670987,
-0.8372885,1.647493,-0.66584,
-0.8341718,1.670217,-0.661556,
-0.8307874,1.688626,-0.655672,
-0.8279265,1.702507,-0.6490,
-0.8300104,1.716718,-0.638830,
-0.8348739,1.72879,-0.628163,
-0.8374846,1.737737,-0.618575,
-0.8438497,1.745028,-0.605169,
-0.8510859,1.74979,-0.592491,
-0.8591274,1.751476,-0.57858,
-0.8656946,1.752179,-0.56385,
-0.8720717,1.750186,-0.552446,
-0.878915,1.745959,-0.543668,
-0.883044,1.742453,-0.536648,
-0.885299,1.735084,-0.533800,
-0.8853009,1.726977,-0.533711,
-0.8849844,1.705671,-0.534531,
-0.8855973,1.689862,-0.535350,
-0.8872739,1.675946,-0.534838,
-0.8888574,1.659696,-0.533169,
-0.8893508,1.639522,-0.53248,
-0.8920817,1.615839,-0.53080,
-0.895618,1.589189,-0.528833,
-0.8979251,1.562911,-0.526106,
-0.8992618,1.529687,-0.52142,
-0.9022121,1.499254,-0.517264,
-0.9025792,1.46569,-0.510755,
-0.9011707,1.431231,-0.501293,
-0.9009036,1.393867,-0.493564,
-0.8997538,1.357138,-0.484327,
-0.8947015,1.317584,-0.473191,
-0.8890132,1.277532,-0.463102,
-0.8804133,1.239748,-0.451048,
-0.8718973,1.205503,-0.437201,
-0.863765,1.1724,-0.423590,
-0.8543705,1.141545,-0.407245,
-0.843649,1.11044,-0.392604,
-0.8295147,1.082321,-0.376704,
-0.8151188,1.057491,-0.363964,
-0.8024323,1.036971,-0.353207,
-0.7893614,1.022411,-0.343771,
-0.7827309,1.010106,-0.336813,
-0.7739732,0.9982263,-0.328673,
-0.7639793,0.9863269,-0.320147,
-0.7576681,0.9799283,-0.31716,
-0.750737,0.9751588,-0.315947,
-0.7456474,0.9730248,-0.317624,
-0.7434151,0.973739,-0.322181,
-0.7413094,0.9734318,-0.32604,
-0.7434896,0.9776911,-0.335613,
-0.7476649,0.9841291,-0.347062,
-0.7504252,0.9891567,-0.357456,
-0.7580273,1.000376,-0.375366,
-0.7630402,1.008755,-0.389224,
-0.7694563,1.02025,-0.407387,
-0.7763649,1.032647,-0.426744,
-0.7820108,1.045452,-0.445094,
-0.7889862,1.063781,-0.468810,
-0.7938257,1.079607,-0.48905,
-0.7953905,1.100721,-0.514506,
-0.7961183,1.119228,-0.537484,
-0.7935913,1.141407,-0.562298,
-0.7897363,1.164993,-0.587328,
-0.7861578,1.188552,-0.611094,
-0.7781281,1.21573,-0.634525,
-0.76814,1.242644,-0.65782,
-0.7551957,1.269989,-0.67976,
-0.7411294,1.297064,-0.69943,
-0.7211977,1.324551,-0.717802,
-0.7027829,1.35149,-0.734746,
-0.6853473,1.378304,-0.749612,
-0.6673108,1.405582,-0.761914,
-0.6505078,1.43115,-0.771623,
-0.6346242,1.456534,-0.778048,
-0.6138432,1.476183,-0.780952,
-0.5976806,1.498897,-0.785963,
-0.5823908,1.519331,-0.788634,
-0.5676525,1.5391,-0.791215,
-0.5541768,1.556637,-0.791698,
-0.5421664,1.571738,-0.790038,
-0.5311633,1.585444,-0.788621,
-0.5203106,1.598661,-0.787407,
-0.5112497,1.605939,-0.784861,
