0.09595168,1.523413,-0.890928,
0.09796929,1.521974,-0.89831,
0.09568942,1.519827,-0.908549,
0.09157622,1.517718,-0.920333,
0.0847128,1.516594,-0.932567,
0.07752097,1.515898,-0.944172,
0.06461877,1.517138,-0.958435,
0.04956192,1.519841,-0.973051,
0.03152037,1.523691,-0.98683,
0.01176381,1.527876,-1.0011,
-0.01029867,1.533451,-1.01482,
-0.03163511,1.538165,-1.02802,
-0.05851495,1.544572,-1.04092,
-0.09095806,1.552555,-1.05266,
-0.1203742,1.560134,-1.06312,
-0.1540151,1.567567,-1.07226,
-0.2236634,1.581585,-1.0854,
-0.262992,1.587519,-1.08793,
-0.3010867,1.591921,-1.08993,
-0.3407171,1.59487,-1.09062,
-0.3787157,1.597777,-1.08994,
-0.4169667,1.597666,-1.084,
-0.4505357,1.598245,-1.07191,
-0.4850911,1.59727,-1.066,
-0.5161464,1.594561,-1.05780,
-0.5442221,1.591328,-1.04860,
-0.5710113,1.588097,-1.03884,
-0.5922298,1.584752,-1.02865,
-0.6101282,1.581834,-1.01788,
-0.6223392,1.579338,-1.00795,
-0.6375476,1.576075,-0.997641,
-0.6467066,1.573831,-0.987277,
-0.6531851,1.571771,-0.978323,
-0.6562233,1.569921,-0.970985,
-0.6586659,1.566429,-0.964368,
-0.6614376,1.563259,-0.95803,
-0.6574768,1.558862,-0.956061,
-0.6564047,1.554201,-0.95295,
-0.6509572,1.548481,-0.952729,
-0.6431868,1.542088,-0.954661,
-0.6359558,1.535009,-0.956667,
-0.6247855,1.525827,-0.962340,
-0.611479,1.515375,-0.97002,
-0.5992405,1.504708,-0.977458,
-0.5806236,1.489466,-0.987958,
-0.5626513,1.473416,-0.996454,
-0.5458384,1.457691,-1.00531,
-0.5234659,1.43699,-1.01345,
-0.5045509,1.419363,-1.0199,
-0.4791851,1.39505,-1.02718,
-0.4565656,1.372324,-1.03280,
-0.4281418,1.343296,-1.03707,
-0.4017509,1.316591,-1.04132,
-0.3749185,1.288192,-1.04342,
-0.3437066,1.255753,-1.041,
-0.3124043,1.223479,-1.0371,
-0.2818661,1.192188,-1.02863,
-0.2525401,1.160833,-1.01845,
-0.2235663,1.129852,-1.0061,
-0.1959029,1.100933,-0.991872,
-0.1698732,1.074263,-0.975358,
-0.1472179,1.051301,-0.958045,
-0.1275212,1.030906,-0.938945,
-0.1075819,1.011108,-0.920349,
-0.09196091,0.9961563,-0.90190,
-0.08066881,0.9884247,-0.888187,
-0.06717843,0.979508,-0.875932,
-0.05794322,0.9773709,-0.868938,
-0.0506525,0.9788002,-0.867533,
-0.04198134,0.9775797,-0.863006,
-0.03626311,0.9821733,-0.8629,
-0.03284764,0.9885096,-0.86187,
-0.03123838,0.9964461,-0.86776,
-0.03147399,1.005677,-0.877688,
-0.03215933,1.016704,-0.888184,
-0.03181612,1.026978,-0.897553,
-0.0335595,1.041246,-0.91126,
-0.03496724,1.056999,-0.929914,
-0.03730196,1.075663,-0.94694,
-0.03967804,1.096782,-0.968937,
-0.04272145,1.120937,-0.988961,
-0.04503864,1.145271,-1.0079,
-0.04923379,1.172718,-1.02961,
-0.05167556,1.201954,-1.04916,
-0.05478615,1.236129,-1.06925,
-0.05799699,1.271861,-1.08779,
-0.07381207,1.309628,-1.10589,
-0.07719612,1.349166,-1.12091,
-0.0799427,1.386701,-1.13377,
-0.08156115,1.427641,-1.14346,
-0.08412755,1.466524,-1.14953,
-0.08759332,1.502647,-1.15789,
-0.09109086,1.538746,-1.15807,
-0.09305269,1.571925,-1.15717,
-0.09609866,1.603765,-1.15848,
-0.09989262,1.631045,-1.15355,
-0.1022956,1.657002,-1.14965,
-0.1062549,1.682278,-1.14543,
-0.1127266,1.701519,-1.13952,
-0.1177056,1.717979,-1.13264,
-0.1247187,1.733894,-1.12657,
-0.1339723,1.748328,-1.1205,
-0.14333,1.760886,-1.11499,
-0.1567547,1.770564,-1.1120,
-0.1695287,1.776733,-1.11025,
-0.1800501,1.779925,-1.1088,
-0.1883758,1.781335,-1.10757,
-0.1954572,1.783326,-1.10612,
-0.1985632,1.781368,-1.10555,
-0.2007962,1.77757,-1.10454,
-0.2025833,1.772147,-1.10339,
-0.203132,1.765059,-1.10375,
-0.2059624,1.758269,-1.10321,
-0.2064689,1.747558,-1.10456,
-0.2092815,1.734984,-1.10487,
-0.2130823,1.722928,-1.10498,
-0.2191066,1.705477,-1.10542,
-0.2241319,1.690555,-1.10576,
-0.2306695,1.672325,-1.10475,
-0.2378355,1.65247,-1.1038,
-0.2462744,1.63184,-1.10315,
-0.2543151,1.609625,-1.10036,
-0.2625642,1.587755,-1.09728,
-0.2729961,1.564101,-1.09233,
-0.2830032,1.539059,-1.08654,
-0.2926662,1.513499,-1.07836,
-0.30318,1.48699,-1.07052,
-0.3136336,1.460889,-1.06263,
-0.3248033,1.433778,-1.05209,
-0.3368683,1.406436,-1.04207,
-0.3494398,1.37913,-1.03154,
-0.3609792,1.352577,-1.01891,
-0.3737298,1.324705,-1.00704,
-0.3861723,1.29669,-0.99240,
-0.3988492,1.268094,-0.979860,
-0.4143431,1.239232,-0.96389,
-0.4275696,1.21008,-0.950076,
-0.4379086,1.182932,-0.932466,
-0.4487541,1.15619,-0.917803,
-0.4564128,1.133043,-0.897927,
-0.4649954,1.111602,-0.883279,
-0.4741311,1.090373,-0.86911,
-0.4810395,1.073026,-0.855005,
-0.4872413,1.05657,-0.84232,
-0.4906843,1.044043,-0.832305,
-0.490777,1.034797,-0.824496,
-0.4899449,1.026261,-0.818438,
-0.4867682,1.019227,-0.815627,
-0.4834626,1.01221,-0.810870,
-0.4735298,1.010504,-0.812753,
-0.4657015,1.008136,-0.816510,
-0.4577501,1.006122,-0.818216,
-0.447096,1.008638,-0.824935,
-0.4368105,1.010379,-0.832915,
-0.4210973,1.020548,-0.847421,
-0.4075622,1.027524,-0.858224,
-0.3925836,1.039022,-0.874991,
-0.3764544,1.05195,-0.891194,
-0.3602153,1.066021,-0.90774,
-0.343387,1.081608,-0.92482,
-0.3265447,1.095859,-0.942233,
-0.3068204,1.114211,-0.959393,
-0.2855448,1.134526,-0.976276,
-0.2647586,1.154673,-0.992338,
-0.2413031,1.179423,-1.00745,
-0.2162447,1.207744,-1.02136,
-0.1933063,1.233363,-1.03310,
-0.1688815,1.261911,-1.04390,
-0.144065,1.291187,-1.05240,
-0.1188403,1.32033,-1.05837,
-0.09432286,1.34775,-1.0622,
-0.06933409,1.376574,-1.0624,
-0.04624373,1.404684,-1.05719,
-0.03456837,1.435457,-1.05823,
-0.01504773,1.462934,-1.05290,
0.001044393,1.488338,-1.04721,
0.003002524,1.50892,-1.03482,
0.01746821,1.531397,-1.02801,
0.0278492,1.548838,-1.01973,
0.03851271,1.566723,-1.00949,
0.04931259,1.581155,-1.0008,
0.05901849,1.592876,-0.993032,
0.06734377,1.603036,-0.983715,
0.07756329,1.611542,-0.974225,
0.08491451,1.618495,-0.966026,
0.0919407,1.622661,-0.957259,
0.09740269,1.626724,-0.948773,
0.1018124,1.629388,-0.940717,
0.1065084,1.632648,-0.932270,
0.1100684,1.632922,-0.923916,
0.1120605,1.631643,-0.915328,
