-0.8610308,1.450062,-0.088219,
-0.8593793,1.449302,-0.082385,
-0.8565149,1.449854,-0.0756268,
-0.8501964,1.45111,-0.0635600,
-0.8413637,1.453241,-0.04950,
-0.8316753,1.455794,-0.0351883,
-0.8199257,1.459038,-0.0195627,
-0.8059361,1.465358,-0.00593757,
-0.79208,1.468473,0.0139031,
-0.7761674,1.473238,0.032302,
-0.7536352,1.479153,0.0554318,
-0.7340395,1.483403,0.0737711,
-0.7130481,1.487527,0.0942043,
-0.6845828,1.491891,0.117018,
-0.655219,1.496272,0.136923,
-0.6271603,1.500867,0.157267,
-0.5952133,1.505462,0.17571,
-0.5620021,1.510243,0.194649,
-0.5263209,1.514282,0.212168,
-0.4909445,1.518257,0.226165,
-0.4538707,1.522749,0.238700,
-0.4140349,1.526771,0.248936,
-0.3744014,1.529298,0.255569,
-0.3335086,1.53071,0.258543,
-0.2960883,1.530306,0.260175,
-0.2618695,1.530243,0.261441,
-0.2358291,1.530638,0.25805,
-0.205228,1.531291,0.258117,
-0.1871375,1.531225,0.253024,
-0.1698987,1.531804,0.245670,
-0.1500574,1.532999,0.239685,
-0.1344924,1.53049,0.232777,
-0.119635,1.528656,0.227225,
-0.1069512,1.524747,0.222034,
-0.0991919,1.518633,0.215624,
-0.08909452,1.513612,0.211289,
-0.0832023,1.506762,0.208745,
-0.08059597,1.499126,0.206552,
-0.08087468,1.490758,0.205474,
-0.08312589,1.481622,0.20648,
-0.08526677,1.472147,0.206401,
-0.09209371,1.460301,0.20843,
-0.1017507,1.446757,0.210932,
-0.1132152,1.430975,0.214547,
-0.1262385,1.413614,0.219463,
-0.1395102,1.396199,0.223238,
-0.1602587,1.373262,0.228571,
-0.177601,1.352483,0.231935,
-0.1956474,1.330267,0.235075,
-0.2204944,1.302658,0.235953,
-0.2418121,1.277255,0.236333,
-0.267762,1.247863,0.234397,
-0.2974948,1.214855,0.226291,
-0.3265894,1.182788,0.219350,
-0.3578959,1.150812,0.208254,
-0.3879046,1.119943,0.194759,
-0.4195299,1.089101,0.177010,
-0.4489055,1.059977,0.156486,
-0.4773872,1.031975,0.131011,
-0.5045391,1.007253,0.104641,
-0.5308745,0.9833061,0.0771639,
-0.5487002,0.9676289,0.045696,
-0.564186,0.954878,0.0191369,
-0.5787584,0.9420645,-0.00588297,
-0.5862702,0.93499,-0.0280276,
-0.5962529,0.927917,-0.0485225,
-0.6037407,0.925411,-0.0658674,
-0.6120371,0.9241679,-0.0814318,
-0.6189823,0.9253122,-0.0968445,
-0.6253532,0.9251678,-0.111087,
-0.6300224,0.9293772,-0.120843,
-0.6347954,0.9347283,-0.122779,
-0.6363803,0.9424249,-0.121740,
-0.6386003,0.951149,-0.118366,
-0.6431845,0.9593676,-0.114095,
-0.6445951,0.9692997,-0.108226,
-0.6467874,0.9841132,-0.0937652,
-0.6497697,0.9968839,-0.0777795,
-0.6517844,1.009293,-0.0641154,
-0.6540642,1.023807,-0.0454436,
-0.6560605,1.038877,-0.0253883,
-0.6552582,1.05772,-0.00404417,
-0.6595953,1.079265,0.0176440,
-0.6682155,1.127204,0.0634015,
-0.6715351,1.155335,0.0865031,
-0.6763897,1.193649,0.113232,
-0.6799331,1.226139,0.135665,
-0.6818905,1.26223,0.156372,
-0.684799,1.300097,0.175368,
-0.6866515,1.335905,0.193191,
-0.6854166,1.374123,0.206776,
-0.6833569,1.412828,0.220547,
-0.6800712,1.450202,0.230980,
-0.6728259,1.4872,0.236966,
-0.6649641,1.521985,0.24293,
-0.6585106,1.555822,0.247830,
-0.6488489,1.588036,0.248152,
-0.638888,1.61756,0.24738,
-0.6281499,1.644588,0.245727,
-0.6164304,1.667917,0.242497,
-0.6037725,1.688277,0.240147,
-0.5928285,1.707401,0.237380,
-0.5801764,1.721751,0.234028,
-0.5681666,1.731419,0.230233,
-0.5565532,1.740572,0.226066,
-0.5456038,1.750037,0.222273,
-0.5347021,1.752769,0.21870,
-0.5258595,1.753782,0.216055,
-0.5195163,1.752227,0.214270,
-0.5145606,1.751144,0.212666,
-0.5130537,1.74526,0.21253,
-0.5133801,1.737546,0.212834,
-0.516518,1.727994,0.212838,
-0.5174222,1.716123,0.213735,
-0.517801,1.701909,0.215146,
-0.5204996,1.685821,0.215380,
-0.5197592,1.669544,0.2172,
-0.5193322,1.648154,0.219830,
-0.5194175,1.624652,0.221910,
-0.5180136,1.6019,0.224609,
-0.5156581,1.5721,0.226567,
-0.512404,1.545233,0.229026,
-0.5080695,1.513455,0.230552,
-0.5022992,1.479922,0.231171,
-0.4959699,1.446671,0.232714,
-0.4904135,1.408039,0.231579,
-0.481719,1.368562,0.229686,
-0.4698322,1.327844,0.228492,
-0.4609615,1.287327,0.224381,
-0.4478658,1.244634,0.217002,
-0.4319752,1.201622,0.20972,
-0.4158862,1.159229,0.19958,
-0.3991017,1.118268,0.185996,
-0.3823012,1.079142,0.172943,
-0.3646771,1.042587,0.155367,
-0.3459282,1.010131,0.135743,
-0.3295767,0.9801285,0.115784,
-0.3130513,0.950024,0.0963559,
-0.2984188,0.9285733,0.0751457,
-0.2846812,0.9055284,0.0549969,
-0.271029,0.8893979,0.0373735,
-0.2592397,0.8767339,0.0220907,
-0.2486858,0.8680742,0.00871396,
-0.2416897,0.8624381,-0.00174093,
-0.2370743,0.8594321,-0.0101498,
-0.2337068,0.8540359,-0.0174837,
-0.2346116,0.8548312,-0.02117,
-0.2387387,0.8558736,-0.0201489,
-0.2403417,0.8579444,-0.0203816,
-0.2497756,0.8668653,-0.0128135,
-0.2597344,0.8747368,-0.00455522,
-0.2671506,0.8829262,0.00319385,
-0.2801718,0.8941351,0.0132756,
-0.2947477,0.9063696,0.0240557,
-0.3085433,0.9185143,0.033834,
-0.3266585,0.9343832,0.0455917,
-0.3466824,0.9517338,0.0560283,
-0.3679323,0.9717159,0.0677660,
-0.3906088,0.9935294,0.0792446,
-0.4149207,1.016746,0.0879083,
-0.4387798,1.041301,0.0969912,
-0.4664568,1.069254,0.10386,
-0.4948049,1.099219,0.105906,
-0.5198483,1.13004,0.111462,
-0.5433873,1.168758,0.115896,
-0.5693321,1.198961,0.112199,
-0.5958042,1.2289,0.108976,
-0.6202893,1.261685,0.102830,
-0.6409092,1.293236,0.089278,
-0.6635473,1.322909,0.0813343,
-0.6824557,1.351901,0.066272,
-0.6993127,1.377615,0.0522636,
-0.714856,1.40197,0.037486,
-0.7286332,1.423852,0.0229659,
-0.7397853,1.443799,0.0079603,
-0.7509712,1.46102,-0.00574684,
-0.7605985,1.476309,-0.018827,
-0.767091,1.489253,-0.0314315,
-0.77755,1.513752,-0.0562772,
-0.7809266,1.523025,-0.0675655,
-0.7843685,1.53263,-0.078332,
-0.7863383,1.541639,-0.0880365,
-0.7842854,1.545706,-0.0936710,
