-0.6113108,1.462407,0.330294,
-0.6099722,1.462296,0.331592,
-0.6085075,1.462312,0.332782,
-0.6018286,1.463748,0.337272,
-0.5937176,1.466158,0.341775,
-0.5852406,1.468988,0.346377,
-0.5733806,1.472955,0.353187,
-0.5593657,1.477505,0.360405,
-0.5460398,1.481452,0.367051,
-0.5291772,1.485944,0.37408,
-0.5112623,1.491823,0.381146,
-0.4918031,1.497065,0.38814,
-0.4708806,1.502682,0.39472,
-0.4506476,1.509049,0.400920,
-0.4260691,1.515592,0.406974,
-0.3990989,1.522669,0.412208,
-0.3713362,1.52955,0.417324,
-0.3450298,1.536408,0.421710,
-0.3145769,1.543216,0.424974,
-0.2862015,1.549993,0.427179,
-0.2571089,1.55627,0.42772,
-0.2282284,1.561927,0.426620,
-0.1997899,1.567408,0.425035,
-0.172453,1.571125,0.421325,
-0.1464157,1.573534,0.416703,
-0.1205016,1.576278,0.412332,
-0.09832472,1.576781,0.405982,
-0.07758784,1.576306,0.399633,
-0.06057775,1.574133,0.392324,
-0.04318696,1.571691,0.384913,
-0.02683836,1.568199,0.377239,
-0.01434559,1.56259,0.368890,
-5.698204E-05,1.558088,0.361304,
0.00955987,1.550937,0.354240,
0.01471883,1.541922,0.348237,
0.0188266,1.532765,0.344765,
0.02006418,1.522052,0.342461,
0.01907372,1.510756,0.342359,
0.0186621,1.49892,0.341080,
0.01320267,1.484267,0.342007,
0.005484879,1.467989,0.344408,
-0.001658618,1.451976,0.345662,
-0.01385707,1.432925,0.348633,
-0.02837276,1.412639,0.352359,
-0.04501015,1.390532,0.35540,
-0.06369716,1.3669,0.358255,
-0.08476716,1.341459,0.359393,
-0.104834,1.316181,0.360197,
-0.1295147,1.288181,0.35924,
-0.1549442,1.258564,0.355251,
-0.1827503,1.228402,0.350621,
-0.2101701,1.198166,0.343184,
-0.2409689,1.166672,0.334088,
-0.2693429,1.136349,0.323993,
-0.298845,1.107175,0.305666,
-0.3254774,1.079703,0.290195,
-0.3505762,1.054518,0.27150,
-0.3739554,1.030998,0.249528,
-0.3961502,1.010292,0.230925,
-0.4132176,0.9960187,0.213970,
-0.4227729,0.9893812,0.199931,
-0.4368066,0.9791616,0.185627,
-0.4478326,0.9743792,0.174937,
-0.4576726,0.9717699,0.165257,
-0.466354,0.9710417,0.158258,
-0.4688407,0.9790496,0.159017,
-0.4726647,0.9873374,0.163448,
-0.4736674,0.9975664,0.169205,
-0.4746305,1.009751,0.177164,
-0.4755759,1.024323,0.190468,
-0.4740673,1.040009,0.202606,
-0.471241,1.060869,0.218844,
-0.4692726,1.083024,0.237496,
-0.4658178,1.105813,0.255711,
-0.4637407,1.130293,0.273454,
-0.4615791,1.156966,0.290207,
-0.4601656,1.183666,0.306383,
-0.4581877,1.21485,0.323469,
-0.4553415,1.24804,0.337787,
-0.4536806,1.281342,0.35192,
-0.4513488,1.318242,0.364827,
-0.4487914,1.356238,0.3735,
-0.4471736,1.395671,0.380925,
-0.4454944,1.43421,0.386200,
-0.4425845,1.472579,0.388604,
-0.4397078,1.510441,0.391303,
-0.436543,1.545763,0.390498,
-0.43409,1.576613,0.384832,
-0.4307995,1.606919,0.38097,
-0.4320257,1.632152,0.374061,
-0.4294265,1.654851,0.367049,
-0.42698,1.679189,0.362022,
-0.4254541,1.698817,0.35519,
-0.4214898,1.715494,0.34878,
-0.4166116,1.73351,0.343429,
-0.4114288,1.746481,0.338177,
-0.4044412,1.756015,0.334111,
-0.3965466,1.764689,0.331901,
-0.3889645,1.770728,0.330827,
-0.3822087,1.775741,0.330179,
-0.3756052,1.777209,0.331224,
-0.3699297,1.776766,0.332162,
-0.3649188,1.774425,0.334698,
-0.357834,1.770309,0.337225,
-0.3508499,1.766957,0.339435,
-0.343374,1.756928,0.344688,
-0.3367178,1.750322,0.348005,
-0.3292675,1.73881,0.352811,
-0.3212178,1.72546,0.358177,
-0.3140826,1.712986,0.362253,
-0.3050206,1.693598,0.367767,
-0.296107,1.676706,0.372423,
-0.285914,1.655905,0.376622,
-0.2755412,1.633025,0.380438,
-0.2646335,1.608136,0.383493,
-0.2415873,1.557372,0.388683,
-0.23031,1.526538,0.389127,
-0.2177122,1.493941,0.388499,
-0.2060574,1.458742,0.386544,
-0.1940426,1.423828,0.384278,
-0.1806688,1.384768,0.378692,
-0.1674248,1.343479,0.371859,
-0.154881,1.300892,0.363049,
-0.1419841,1.258798,0.352708,
-0.131308,1.21717,0.341367,
-0.1239468,1.17368,0.324317,
-0.1145501,1.133311,0.308155,
-0.1075658,1.095027,0.28832,
-0.1021464,1.059491,0.266871,
-0.09472609,1.026186,0.247060,
-0.09110308,0.9965462,0.225194,
-0.08838761,0.972158,0.204203,
-0.08939326,0.9530581,0.185007,
-0.09094739,0.9390352,0.168610,
-0.09304583,0.9284,0.156096,
-0.09604514,0.9168365,0.14274,
-0.1020548,0.9104482,0.13393,
-0.1114289,0.9045076,0.128164,
-0.1309603,0.9005257,0.123680,
-0.1447346,0.9067991,0.129025,
-0.1542873,0.9087491,0.13226,
-0.1666591,0.9161373,0.140444,
-0.1798074,0.9248495,0.151185,
-0.1916083,0.9358617,0.16398,
-0.2041088,0.9464272,0.174700,
-0.2177956,0.9616813,0.187340,
-0.2342034,0.9803793,0.202865,
-0.2550745,1.002981,0.215653,
-0.2784877,1.029603,0.230159,
-0.3008777,1.056498,0.24345,
-0.3276625,1.086079,0.254380,
-0.3542688,1.115878,0.263732,
-0.3781362,1.149242,0.272439,
-0.4017128,1.178906,0.276634,
-0.4243629,1.209511,0.283217,
-0.4458747,1.244334,0.287645,
-0.4665647,1.275814,0.286911,
-0.4857521,1.308467,0.289719,
-0.504577,1.340021,0.289933,
-0.5199966,1.37255,0.291820,
-0.5330535,1.400497,0.287803,
-0.5473464,1.42925,0.286803,
-0.5565647,1.457065,0.284630,
-0.5650947,1.481385,0.283059,
-0.5743999,1.506851,0.281076,
-0.57936,1.52889,0.277776,
-0.5854764,1.550194,0.275294,
-0.588617,1.569928,0.273000,
-0.5907798,1.587442,0.271124,
-0.591985,1.601863,0.269975,
-0.5927048,1.614838,0.269651,
-0.593788,1.627802,0.269425,
-0.5929964,1.636017,0.270977,
-0.5917963,1.643313,0.271973,
