-0.001548588,1.31921,-0.470979,
-0.01489055,1.326098,-0.483971,
-0.03013027,1.334539,-0.495600,
-0.04894692,1.343228,-0.510215,
-0.0722093,1.351562,-0.525543,
-0.09751737,1.363999,-0.53851,
-0.122814,1.371556,-0.552771,
-0.1536316,1.382933,-0.565987,
-0.1863932,1.396548,-0.576112,
-0.2182473,1.409724,-0.5851,
-0.2580959,1.426099,-0.587637,
-0.2935858,1.440973,-0.59256,
-0.3345109,1.458841,-0.59118,
-0.3725231,1.474733,-0.590718,
-0.4142484,1.491879,-0.585908,
-0.4555039,1.509392,-0.575905,
-0.4959582,1.525396,-0.566756,
-0.5369745,1.542063,-0.547210,
-0.5750058,1.55642,-0.530317,
-0.6091574,1.569721,-0.508241,
-0.6385512,1.581228,-0.485545,
-0.6645221,1.591084,-0.462619,
-0.6902028,1.600405,-0.440345,
-0.7051436,1.609032,-0.404916,
-0.723462,1.613572,-0.380988,
-0.741853,1.616385,-0.355546,
-0.756001,1.618624,-0.328595,
-0.7698244,1.620655,-0.305860,
-0.7780941,1.61942,-0.285296,
-0.7879025,1.619588,-0.263552,
-0.7934842,1.617068,-0.245583,
-0.7990412,1.613109,-0.22758,
-0.8041751,1.609086,-0.209545,
-0.803617,1.601737,-0.197578,
-0.8048177,1.595989,-0.1840,
-0.8043,1.589661,-0.173345,
-0.798712,1.581402,-0.172070,
-0.7959802,1.574215,-0.168865,
-0.7914549,1.566004,-0.172838,
-0.7875155,1.556042,-0.18069,
-0.7851038,1.544495,-0.190685,
-0.7820081,1.532079,-0.198463,
-0.7762514,1.516613,-0.210639,
-0.7718873,1.498201,-0.224300,
-0.76696,1.477617,-0.238837,
-0.7598057,1.45549,-0.252184,
-0.7519273,1.432361,-0.265534,
-0.742887,1.406042,-0.28127,
-0.7317531,1.378578,-0.295389,
-0.7175988,1.348606,-0.309741,
-0.7032907,1.316921,-0.325501,
-0.6888826,1.285363,-0.339412,
-0.6694263,1.249215,-0.353512,
-0.6487095,1.212082,-0.367584,
-0.625591,1.17432,-0.380015,
-0.6001842,1.136697,-0.3910,
-0.5704188,1.099299,-0.400789,
-0.5381335,1.062045,-0.407719,
-0.5030849,1.025228,-0.410946,
-0.4672935,0.9899216,-0.411979,
-0.4309494,0.9567274,-0.411065,
-0.3940778,0.9276987,-0.406016,
-0.3589438,0.9059137,-0.397761,
-0.3252829,0.8862463,-0.390623,
-0.2941386,0.8713106,-0.381305,
-0.26375,0.8586924,-0.370922,
-0.2342839,0.8478887,-0.359622,
-0.2072885,0.8388915,-0.349350,
-0.1841323,0.8326197,-0.339934,
-0.169523,0.830928,-0.331361,
-0.155296,0.8278021,-0.325201,
-0.1503758,0.8293194,-0.321624,
-0.1447318,0.8330764,-0.320135,
-0.1383728,0.8371375,-0.320096,
-0.1325222,0.8413137,-0.321430,
-0.1269624,0.8468097,-0.323244,
-0.1308571,0.8578252,-0.33232,
-0.1319332,0.8654912,-0.339835,
-0.1343742,0.8749663,-0.347744,
-0.1425561,0.8892108,-0.361146,
-0.1465353,0.9009688,-0.371976,
-0.1551567,0.9141535,-0.385339,
-0.1636105,0.9294075,-0.399233,
-0.1718456,0.9462382,-0.413585,
-0.1798185,0.9625846,-0.428357,
-0.1877692,0.9886227,-0.446783,
-0.1968488,1.012618,-0.463784,
-0.206809,1.045393,-0.483618,
-0.218255,1.082316,-0.504184,
-0.2308432,1.1223,-0.5244,
-0.2426549,1.160689,-0.543150,
-0.2548826,1.205552,-0.560556,
-0.2649574,1.252199,-0.573702,
-0.2738252,1.297941,-0.586108,
-0.2826756,1.350713,-0.590584,
-0.2916129,1.399414,-0.596875,
-0.3144235,1.450081,-0.598995,
-0.3245894,1.50017,-0.595374,
-0.3332371,1.548075,-0.587760,
-0.3395628,1.591719,-0.579387,
-0.3445393,1.634058,-0.56534,
-0.3484154,1.672935,-0.55011,
-0.3498462,1.706374,-0.533397,
-0.3527154,1.739001,-0.516167,
-0.3553054,1.770774,-0.499695,
-0.3573195,1.794544,-0.480805,
-0.3593652,1.816649,-0.463046,
-0.362509,1.836578,-0.444882,
-0.3655212,1.856815,-0.427231,
-0.3664726,1.869319,-0.411490,
-0.36795,1.881427,-0.396241,
-0.3685341,1.893513,-0.381717,
-0.3691854,1.900968,-0.369720,
-0.369863,1.904027,-0.361735,
-0.3707803,1.910282,-0.352338,
-0.3723132,1.915006,-0.344321,
-0.3742212,1.91524,-0.340305,
-0.3758907,1.911759,-0.339182,
-0.3779653,1.911467,-0.336085,
-0.3800178,1.907035,-0.336846,
-0.3811855,1.901076,-0.337624,
-0.3833655,1.896006,-0.338905,
-0.3860857,1.884785,-0.344788,
-0.3879406,1.875958,-0.346646,
-0.3921673,1.863772,-0.352486,
-0.3963031,1.85168,-0.357460,
-0.4010053,1.835525,-0.362460,
-0.4071301,1.817505,-0.369661,
-0.4137039,1.797545,-0.37708,
-0.4202189,1.775788,-0.382712,
-0.426073,1.754127,-0.388260,
-0.4338826,1.726494,-0.395028,
-0.4412836,1.701189,-0.39944,
-0.4486427,1.671236,-0.403956,
-0.4573956,1.639275,-0.409459,
-0.4652907,1.604707,-0.411441,
-0.4745798,1.570434,-0.415579,
-0.4839396,1.531906,-0.416842,
-0.4917481,1.490804,-0.416043,
-0.5004879,1.448251,-0.414691,
-0.5089675,1.404584,-0.410178,
-0.5185461,1.358889,-0.403641,
-0.523896,1.315351,-0.389171,
-0.5337268,1.26715,-0.37596,
-0.5430957,1.217859,-0.358762,
-0.5466508,1.169251,-0.336604,
-0.5507572,1.120845,-0.318027,
-0.5473247,1.02903,-0.264891,
-0.544503,0.9885495,-0.233192,
-0.5425528,0.9521822,-0.204053,
-0.5382023,0.9211953,-0.17112,
-0.5316101,0.8967606,-0.140155,
-0.5233158,0.8776346,-0.112433,
-0.5148,0.8584774,-0.0857224,
-0.5055408,0.8513895,-0.0635188,
-0.4971452,0.8452414,-0.0446925,
-0.4905028,0.8412395,-0.0294694,
-0.48516,0.8414347,-0.0166047,
-0.4813094,0.8421187,-0.00720775,
-0.4778067,0.8412477,0.00199258,
-0.4766009,0.845349,0.0042891,
-0.4773829,0.8496951,0.00248777,
-0.4792452,0.8560709,-0.00183200,
-0.4813173,0.8626252,-0.00819468,
-0.4831815,0.8676528,-0.0124310,
-0.4934386,0.8772793,-0.0271811,
-0.4969471,0.8844911,-0.0387194,
-0.4998995,0.8921633,-0.0517506,
-0.5067981,0.9012195,-0.0621610,
-0.508256,0.9115345,-0.0807557,
-0.5090878,0.9211162,-0.0963916,
-0.5107321,0.9337112,-0.114349,
-0.5090419,0.9471537,-0.134208,
-0.507959,0.9615879,-0.153301,
-0.5043297,0.9774904,-0.174236,
-0.5036298,0.9886726,-0.194953,
-0.4950414,1.007587,-0.218913,
-0.4871305,1.025299,-0.240992,
-0.4742857,1.046048,-0.266261,
-0.4599667,1.068772,-0.291500,
-0.4435648,1.094834,-0.315903,
-0.4257313,1.122698,-0.338162,
-0.4082112,1.149385,-0.360319,
-0.3860893,1.179402,-0.38180,
-0.3597947,1.21032,-0.39965,
-0.3298492,1.24262,-0.416418,
-0.3009284,1.274142,-0.431928,
-0.2691951,1.307662,-0.44002,
-0.2385545,1.340643,-0.448246,
-0.2101551,1.372608,-0.449901,
-0.1830741,1.403333,-0.453195,
-0.1657592,1.434728,-0.454107,
-0.1360433,1.460076,-0.445780,
-0.1110808,1.484264,-0.438843,
-0.08792406,1.506122,-0.430692,
-0.07754213,1.518375,-0.418115,
-0.05915022,1.53477,-0.409354,
-0.04495978,1.548176,-0.399445,
-0.02706647,1.560373,-0.390539,
-0.01258016,1.570054,-0.381399,
-0.0002397299,1.576732,-0.371053,
0.01262981,1.585474,-0.362056,
0.02148533,1.588643,-0.352840,
0.03262842,1.594471,-0.341998,
0.04109389,1.596887,-0.332532,
0.04859447,1.598274,-0.32245,
