-0.1268819,1.364938,0.437129,
-0.1133314,1.365047,0.43892,
-0.07988805,1.368009,0.438825,
-0.06197309,1.370722,0.438325,
-0.03882188,1.375205,0.435385,
-0.01467055,1.380782,0.430921,
0.008707285,1.386932,0.426110,
0.03696257,1.39256,0.420118,
0.06679881,1.402972,0.410495,
0.09715509,1.413372,0.399547,
0.1296351,1.424061,0.386322,
0.163804,1.436475,0.370413,
0.1952032,1.448621,0.353472,
0.2286212,1.461289,0.33238,
0.2609781,1.474365,0.309178,
0.2906736,1.486803,0.284301,
0.3191965,1.498376,0.257895,
0.3452469,1.507846,0.229895,
0.3696497,1.51849,0.199874,
0.3919729,1.52762,0.16897,
0.4088595,1.533851,0.136657,
0.426518,1.541492,0.10663,
0.4395324,1.548859,0.0772534,
0.4473359,1.553318,0.0472838,
0.4553798,1.559853,0.021737,
0.4616465,1.566046,-0.00209367,
0.4657351,1.569148,-0.028820,
0.4696198,1.573019,-0.0503616,
0.4730383,1.57545,-0.0708258,
0.4740269,1.5757,-0.0902892,
0.4757866,1.576256,-0.108981,
0.4751824,1.574244,-0.123056,
0.4758149,1.571437,-0.133259,
0.4762125,1.569018,-0.142933,
0.4771928,1.56113,-0.143438,
0.4799195,1.555573,-0.148084,
0.4822674,1.546105,-0.146238,
0.4841885,1.535894,-0.142992,
0.4869531,1.523608,-0.137745,
0.488767,1.511868,-0.133984,
0.4900147,1.495095,-0.123628,
0.491293,1.480352,-0.115240,
0.4909925,1.462821,-0.104576,
0.4893043,1.444381,-0.093084,
0.4867182,1.426097,-0.0832521,
0.4823307,1.405467,-0.0688984,
0.4762416,1.382897,-0.0554519,
0.4674363,1.358889,-0.0427261,
0.4594084,1.335201,-0.0281523,
0.448002,1.308737,-0.0103715,
0.4336637,1.282384,0.0099774,
0.4176129,1.254033,0.0300813,
0.3991614,1.224223,0.0507135,
0.3777911,1.192966,0.0716929,
0.3553663,1.16307,0.0935511,
0.3279638,1.130713,0.113644,
0.2975203,1.099062,0.132133,
0.2645032,1.069402,0.149263,
0.2287149,1.041219,0.163350,
0.1914524,1.01555,0.173988,
0.1552343,0.9935,0.183385,
0.1178359,0.9723365,0.188130,
0.08172321,0.9531718,0.190962,
0.04859698,0.9383644,0.19155,
0.02202976,0.9298943,0.189028,
-0.00464654,0.9197167,0.187976,
-0.01938945,0.9172237,0.184299,
-0.0319407,0.9138598,0.179153,
-0.04656136,0.913342,0.177427,
-0.06201792,0.9124234,0.17803,
-0.06884062,0.916641,0.177245,
-0.07775098,0.9186599,0.178032,
-0.07949775,0.9246004,0.179596,
-0.08027095,0.9315178,0.184781,
-0.07988638,0.9387696,0.188764,
-0.0747425,0.9492315,0.194219,
-0.06752348,0.9620528,0.202544,
-0.05632162,0.977209,0.21261,
-0.0422231,0.9946008,0.223192,
-0.02928156,1.011734,0.234660,
-0.01179498,1.033028,0.247652,
0.006205201,1.056179,0.261523,
0.02548105,1.082265,0.276831,
0.04271013,1.106384,0.289701,
0.063914,1.136034,0.303495,
0.08695716,1.169899,0.317519,
0.1090029,1.205393,0.329562,
0.1273935,1.240506,0.338764,
0.1474506,1.282354,0.344812,
0.1660213,1.321771,0.350907,
0.1787957,1.363182,0.351475,
0.191316,1.405774,0.351832,
0.1979142,1.447046,0.348433,
0.2060672,1.486253,0.346387,
0.2102253,1.524805,0.341178,
0.2102607,1.560092,0.335417,
0.2119791,1.596168,0.327975,
0.2079502,1.623207,0.316515,
0.207765,1.653749,0.307870,
0.2046846,1.679865,0.298065,
0.200378,1.704014,0.287807,
0.1952797,1.723388,0.274463,
0.1919173,1.742663,0.262085,
0.1903025,1.758895,0.249847,
0.1888426,1.768811,0.237499,
0.1895827,1.779318,0.22780,
0.1905627,1.787297,0.218765,
0.1927101,1.78983,0.208942,
0.1944376,1.796386,0.200552,
0.1982597,1.798585,0.192910,
0.202971,1.799643,0.184018,
0.2092105,1.795217,0.179601,
0.2141549,1.791498,0.176376,
0.2183557,1.788724,0.173030,
0.2226898,1.781882,0.173007,
0.2267023,1.773528,0.173984,
0.2298608,1.764007,0.174544,
0.2341051,1.752607,0.176230,
0.2379199,1.739233,0.17824,
0.2417741,1.726778,0.178015,
0.2472951,1.709785,0.180224,
0.2533935,1.690614,0.182436,
0.2592163,1.669488,0.183059,
0.2655357,1.648339,0.184290,
0.2722071,1.622863,0.185016,
0.2794725,1.595446,0.185816,
0.2855105,1.566199,0.185186,
0.292221,1.535988,0.185166,
0.2983623,1.505311,0.185193,
0.3127878,1.372753,0.164674,
0.3172351,1.319428,0.153049,
0.3197493,1.280888,0.144165,
0.3200614,1.241875,0.133023,
0.318105,1.205336,0.118588,
0.3169583,1.169633,0.103878,
0.3144556,1.136492,0.0860545,
0.3116618,1.103961,0.066190,
0.3076794,1.07148,0.0455812,
0.3013556,1.041596,0.0246423,
0.2947077,1.011482,0.00541663,
0.2867958,0.9862522,-0.0150079,
0.2775598,0.9607741,-0.0346214,
0.2664295,0.9406036,-0.0543788,
0.2551417,0.9228593,-0.0732169,
0.2450766,0.9086049,-0.0893449,
0.2350883,0.8968492,-0.103080,
0.2257917,0.885036,-0.114803,
0.2175016,0.8788728,-0.122875,
0.2109607,0.8776221,-0.125954,
0.2058042,0.8714113,-0.129317,
0.2012157,0.8697596,-0.128777,
0.198299,0.8692622,-0.125433,
0.1982553,0.8676842,-0.121710,
0.1991398,0.8713583,-0.109768,
0.1980479,0.8727977,-0.101413,
0.2016654,0.877324,-0.0849168,
0.2018841,0.8817381,-0.0709141,
0.2029207,0.889968,-0.0506809,
0.2047773,0.8998423,-0.0272672,
0.2046655,0.9112221,-0.00284099,
0.2041283,0.9244537,0.0231064,
0.2034107,0.9383763,0.0477653,
0.2026751,0.9593216,0.0781468,
0.2007722,0.9801102,0.106704,
0.1974148,0.9986434,0.131999,
0.1922306,1.026539,0.163822,
0.1870139,1.052037,0.192598,
0.1768879,1.085846,0.219884,
0.1657267,1.123183,0.247672,
0.1515874,1.16468,0.273135,
0.1337692,1.209335,0.292840,
0.1174369,1.250808,0.312332,
0.09873238,1.296184,0.326155,
0.07936925,1.344297,0.336318,
0.0610075,1.388831,0.342725,
0.04315418,1.432622,0.345140,
0.02599746,1.476898,0.347373,
0.01019579,1.518144,0.342100,
-0.005248725,1.557364,0.339525,
-0.01871115,1.590111,0.326039,
-0.03196114,1.62463,0.316604,
-0.04325259,1.656644,0.304388,
-0.05735433,1.682487,0.288527,
-0.06983638,1.708705,0.274462,
-0.08359921,1.727454,0.256208,
-0.09562886,1.748383,0.241094,
-0.1074858,1.768512,0.226738,
