-1.514647,1.302596,0.0184840,
-1.509806,1.303622,0.0191847,
-1.504288,1.304905,0.0199031,
-1.4986,1.306673,0.0205460,
-1.488114,1.30868,0.02161,
-1.474388,1.312309,0.0234838,
-1.460155,1.316855,0.0253360,
-1.440455,1.323796,0.0274968,
-1.419724,1.331326,0.0287935,
-1.398901,1.339498,0.0296078,
-1.377662,1.347212,0.0307955,
-1.350752,1.356688,0.0298066,
-1.327459,1.365899,0.0292121,
-1.299191,1.375513,0.027987,
-1.268811,1.385705,0.0256872,
-1.240468,1.395659,0.0228680,
-1.20908,1.405817,0.0183907,
-1.175268,1.416481,0.0107867,
-1.144078,1.426498,0.00427794,
-1.111978,1.4367,-0.00438153,
-1.079736,1.446774,-0.0146642,
-1.048441,1.456917,-0.0262039,
-1.019397,1.465604,-0.0388430,
-0.9896142,1.474284,-0.0532212,
-0.9612733,1.481933,-0.0689532,
-0.9344243,1.488729,-0.0848230,
-0.9101509,1.492827,-0.102959,
-0.8865408,1.497065,-0.119231,
-0.8690977,1.499708,-0.135861,
-0.8538176,1.502516,-0.150281,
-0.8374645,1.505156,-0.164544,
-0.8263285,1.507421,-0.177909,
-0.8170888,1.50892,-0.190813,
-0.812099,1.509061,-0.202209,
-0.8016552,1.506997,-0.224514,
-0.7985742,1.504165,-0.234944,
-0.7985059,1.499236,-0.241154,
-0.7987962,1.492887,-0.246096,
-0.7994776,1.485536,-0.248723,
-0.800313,1.478501,-0.25123,
-0.8040822,1.469199,-0.249606,
-0.8088678,1.459463,-0.245879,
-0.8134722,1.449488,-0.243088,
-0.8220294,1.438004,-0.237089,
-0.8317099,1.425753,-0.229753,
-0.8430756,1.411836,-0.223673,
-0.8565172,1.396797,-0.217403,
-0.8703061,1.381294,-0.208841,
-0.887754,1.364853,-0.200979,
-0.9049976,1.349029,-0.193907,
-0.9269469,1.331457,-0.184449,
-0.9515017,1.313497,-0.176340,
-0.9759341,1.295609,-0.16981,
-1.00552,1.275399,-0.169158,
-1.030602,1.256769,-0.165709,
-1.057382,1.237265,-0.164708,
-1.086181,1.216823,-0.166255,
-1.114207,1.196658,-0.167058,
-1.143228,1.17587,-0.172112,
-1.172408,1.155526,-0.176752,
-1.199098,1.138391,-0.182743,
-1.22289,1.123882,-0.190047,
-1.243847,1.109611,-0.197198,
-1.264667,1.097788,-0.203728,
-1.282788,1.087494,-0.212830,
-1.301776,1.078665,-0.22166,
-1.317762,1.070227,-0.227862,
-1.334866,1.060549,-0.236361,
-1.348508,1.054894,-0.242535,
-1.360288,1.049006,-0.247668,
-1.365567,1.045725,-0.248867,
-1.373507,1.040791,-0.251921,
-1.375999,1.039173,-0.251339,
-1.379407,1.03716,-0.250017,
-1.3835,1.03467,-0.249954,
-1.38153,1.034332,-0.24673,
-1.38131,1.031892,-0.24328,
-1.380562,1.029964,-0.240791,
-1.375436,1.029413,-0.236267,
-1.368118,1.029062,-0.228974,
-1.362015,1.030318,-0.222793,
-1.351547,1.035897,-0.212983,
-1.343911,1.040537,-0.204117,
-1.333997,1.048475,-0.192654,
-1.323505,1.058397,-0.180459,
-1.314582,1.069055,-0.168527,
-1.302801,1.087507,-0.151893,
-1.293015,1.103531,-0.137814,
-1.283513,1.126671,-0.121772,
-1.273315,1.148759,-0.105991,
-1.263226,1.177371,-0.089844,
-1.255068,1.210036,-0.0748238,
-1.246987,1.244023,-0.0606514,
-1.240772,1.279235,-0.0480704,
-1.235246,1.315978,-0.0376547,
-1.231335,1.352033,-0.0287660,
-1.230251,1.391762,-0.023597,
-1.227363,1.428331,-0.0197222,
-1.225891,1.465883,-0.0176801,
-1.225899,1.501073,-0.0184999,
-1.224875,1.535532,-0.0223708,
-1.224381,1.568362,-0.0248429,
-1.226276,1.597416,-0.0315177,
-1.225304,1.624231,-0.0403623,
-1.224659,1.650397,-0.047212,
-1.224838,1.668559,-0.0569156,
-1.222316,1.687763,-0.0655133,
-1.219019,1.703315,-0.0719590,
-1.2171,1.718259,-0.078480,
-1.212732,1.723027,-0.0835099,
-1.209545,1.733849,-0.0887073,
-1.206677,1.739655,-0.093701,
-1.204096,1.742149,-0.0973323,
-1.200306,1.744344,-0.101032,
-1.196676,1.744514,-0.103664,
-1.193445,1.745263,-0.106190,
-1.191456,1.741681,-0.105996,
-1.189261,1.736633,-0.105853,
-1.187764,1.732815,-0.10539,
-1.185999,1.724172,-0.104534,
-1.183844,1.713916,-0.10329,
-1.180655,1.701849,-0.100531,
-1.178339,1.688667,-0.0993541,
-1.174637,1.675379,-0.097871,
-1.171681,1.655967,-0.0969229,
-1.168436,1.639026,-0.0963661,
-1.16408,1.618635,-0.0966268,
-1.159993,1.596576,-0.0974134,
-1.15583,1.575212,-0.0987279,
-1.150619,1.550959,-0.10144,
-1.144417,1.525731,-0.10505,
-1.138666,1.499484,-0.110072,
-1.133002,1.472514,-0.116527,
-1.126503,1.445703,-0.125258,
-1.120229,1.418341,-0.13491,
-1.113714,1.391924,-0.144938,
-1.106605,1.365272,-0.156533,
-1.100648,1.338883,-0.169541,
-1.094325,1.313593,-0.182037,
-1.089059,1.291014,-0.197350,
-1.083742,1.267859,-0.211640,
-1.078793,1.246581,-0.22736,
-1.075038,1.22686,-0.243633,
-1.07029,1.206156,-0.259174,
-1.06447,1.187326,-0.272867,
-1.061068,1.170486,-0.287095,
-1.058477,1.155969,-0.300090,
-1.055347,1.141391,-0.313064,
-1.052492,1.132158,-0.324272,
-1.050178,1.122073,-0.33453,
-1.048022,1.111409,-0.345103,
-1.047744,1.103652,-0.352627,
-1.049126,1.096945,-0.356979,
-1.051194,1.092484,-0.360301,
-1.054216,1.08931,-0.361942,
-1.056755,1.084843,-0.362420,
-1.06213,1.083721,-0.360166,
-1.06842,1.084327,-0.355909,
-1.074315,1.084206,-0.350427,
-1.082852,1.089974,-0.340201,
-1.090176,1.093261,-0.332902,
-1.099172,1.098281,-0.320733,
-1.109207,1.105161,-0.308814,
-1.119047,1.111804,-0.297478,
-1.130299,1.120493,-0.282342,
-1.142769,1.130718,-0.267326,
-1.156086,1.141689,-0.251849,
-1.170406,1.15297,-0.236296,
-1.186301,1.165407,-0.220509,
-1.204019,1.178507,-0.205549,
-1.221525,1.191533,-0.190843,
-1.241284,1.205699,-0.176832,
-1.259529,1.2217,-0.161546,
-1.271664,1.239429,-0.143325,
-1.29194,1.255445,-0.131418,
-1.311529,1.27094,-0.119640,
-1.3319,1.287276,-0.109632,
-1.352109,1.303596,-0.101701,
-1.372408,1.319748,-0.0935599,
-1.391459,1.335743,-0.0856332,
-1.410663,1.351431,-0.0801408,
-1.429145,1.367078,-0.0746724,
-1.447133,1.382447,-0.0696818,
-1.461972,1.397974,-0.0667973,
-1.476512,1.413318,-0.0625814,
-1.488897,1.429708,-0.0594600,
-1.501516,1.44535,-0.0574811,
-1.511317,1.460511,-0.0567811,
-1.52197,1.475558,-0.0554304,
-1.530013,1.489349,-0.0566471,
-1.539044,1.503053,-0.0566890,
-1.545772,1.515636,-0.0576181,
-1.551302,1.527179,-0.0596382,
-1.556613,1.538121,-0.0611301,
-1.560143,1.547258,-0.0632988,
-1.562532,1.555103,-0.0655808,
-1.564345,1.561486,-0.0678209,
-1.566906,1.567683,-0.069863,
-1.5666,1.570551,-0.0719885,
-1.566976,1.574038,-0.0740590,
-1.56722,1.575803,-0.0767459,
-1.566688,1.576511,-0.0791611,
