-0.7530138,1.452825,0.187903,
-0.7406362,1.452964,0.192389,
-0.726156,1.454162,0.197062,
-0.7122052,1.45551,0.201272,
-0.6942508,1.458359,0.204648,
-0.6716068,1.46226,0.207002,
-0.651415,1.467866,0.207934,
-0.6282588,1.471456,0.211368,
-0.6050394,1.475788,0.213801,
-0.5776081,1.481428,0.214869,
-0.5481924,1.487594,0.215543,
-0.5171957,1.494669,0.214964,
-0.4842005,1.502421,0.212798,
-0.4518952,1.510249,0.210554,
-0.4162578,1.519008,0.205697,
-0.3806618,1.527936,0.199341,
-0.3447665,1.537404,0.19104,
-0.3106946,1.547042,0.182584,
-0.2764257,1.557003,0.170875,
-0.2432923,1.567057,0.157122,
-0.2114757,1.577314,0.143145,
-0.1816825,1.586409,0.124628,
-0.1522758,1.594694,0.108093,
-0.1259233,1.602464,0.0897127,
-0.101484,1.608062,0.0714554,
-0.08290493,1.611211,0.053061,
-0.06345761,1.614479,0.0334316,
-0.0458523,1.617563,0.0165407,
-0.03207725,1.618913,-0.000329136,
-0.01823211,1.620874,-0.0163410,
-0.003690839,1.622854,-0.0319116,
0.006297231,1.622714,-0.0462970,
0.0165416,1.622305,-0.0601688,
0.02601206,1.620437,-0.0731434,
0.03360146,1.61719,-0.0848870,
0.04142845,1.613769,-0.0958709,
0.04479349,1.606825,-0.101270,
0.05124879,1.601654,-0.108745,
0.05574143,1.594663,-0.114433,
0.05789745,1.584908,-0.11637,
0.05990982,1.57358,-0.116998,
0.06113946,1.560244,-0.11610,
0.06177497,1.545556,-0.113388,
0.06147325,1.529243,-0.108365,
0.06016159,1.51153,-0.101577,
0.05903417,1.49414,-0.0955222,
0.056252,1.473333,-0.0854694,
0.05235285,1.451095,-0.075071,
0.04723799,1.427829,-0.0644545,
0.0411917,1.40352,-0.0528169,
0.03557897,1.37978,-0.0405230,
0.02640969,1.353673,-0.0270516,
0.01561463,1.326762,-0.0127401,
0.003198743,1.29895,2.086163E-0,
-0.0104152,1.271471,0.0136781,
-0.02579808,1.244425,0.0258613,
-0.04091591,1.218236,0.0374140,
-0.06024981,1.192048,0.0463813,
-0.08194405,1.166341,0.0538480,
-0.1056664,1.141149,0.0605024,
-0.1325001,1.114928,0.0636567,
-0.1595067,1.090163,0.0696295,
-0.1904378,1.065803,0.0747091,
-0.2238988,1.041931,0.0773308,
-0.2588081,1.020037,0.0769249,
-0.2927417,0.9986778,0.0750212,
-0.3274534,0.9820899,0.0673607,
-0.3597869,0.9644,0.0606762,
-0.390917,0.9504856,0.0514333,
-0.4185892,0.9400692,0.0402830,
-0.4457217,0.9307088,0.0309592,
-0.4659591,0.9279735,0.0217999,
-0.4851183,0.9241918,0.0112470,
-0.5078428,0.918172,0.00154542,
-0.5196929,0.918125,-0.00670373,
-0.5333269,0.9164418,-0.0163292,
-0.5459334,0.9164218,-0.0243594,
-0.5556222,0.9174968,-0.0306897,
-0.5571568,0.921371,-0.0313439,
-0.5531847,0.9259077,-0.0249632,
-0.5474732,0.9332517,-0.0173090,
-0.5412855,0.9432317,-0.00784254,
-0.5342959,0.9528033,0.00701689,
-0.5286418,0.9631,0.0172699,
-0.5162921,0.9781249,0.0378376,
-0.5077211,0.9902823,0.0507197,
-0.4970828,1.003477,0.0653287,
-0.4702846,1.038762,0.102235,
-0.4556047,1.059411,0.12138,
-0.4414148,1.08302,0.139067,
-0.4250669,1.109237,0.159076,
-0.4097534,1.135374,0.1778,
-0.3940079,1.168,0.195954,
-0.3782135,1.203142,0.214451,
-0.3642281,1.240269,0.230724,
-0.3511422,1.27949,0.244488,
-0.3409511,1.320827,0.255401,
-0.3297961,1.359498,0.265150,
-0.320816,1.401467,0.269712,
-0.3124484,1.442666,0.274670,
-0.3061634,1.480581,0.27604,
-0.2997501,1.51762,0.275042,
-0.291873,1.554621,0.272376,
-0.2845942,1.588836,0.265686,
-0.2766893,1.620669,0.256414,
-0.2687606,1.64766,0.244198,
-0.2584957,1.676022,0.234719,
-0.2461355,1.697324,0.221423,
-0.2402083,1.714169,0.207246,
-0.2309986,1.732017,0.196929,
-0.2225789,1.747771,0.186506,
-0.2169023,1.758437,0.171683,
-0.2101552,1.767491,0.160510,
-0.2031171,1.776899,0.14994,
-0.1989893,1.78331,0.138568,
-0.1929544,1.788533,0.130106,
-0.186964,1.794205,0.121921,
-0.1847218,1.795476,0.115610,
-0.1803434,1.795811,0.111021,
-0.1769513,1.794425,0.108382,
-0.1727367,1.792003,0.106972,
-0.1682024,1.789644,0.105369,
-0.1640826,1.78365,0.106839,
-0.1597192,1.778353,0.107584,
-0.1569723,1.767352,0.113224,
-0.1546682,1.756811,0.118058,
-0.1524168,1.746768,0.121822,
-0.1516725,1.730972,0.129236,
-0.1498535,1.717195,0.134818,
-0.1489431,1.699928,0.140675,
-0.1465514,1.680555,0.147188,
-0.1438035,1.661343,0.152943,
-0.1404791,1.638346,0.157910,
-0.1368071,1.613689,0.162208,
-0.1329267,1.587497,0.165250,
-0.1275954,1.56014,0.168303,
-0.1239448,1.530875,0.168358,
-0.1191273,1.502449,0.16776,
-0.1164491,1.472048,0.165052,
-0.1141254,1.437763,0.158834,
-0.1113446,1.404717,0.151702,
-0.1102952,1.371753,0.14418,
-0.1091762,1.337043,0.134969,
-0.1083544,1.302504,0.124024,
-0.1082563,1.26902,0.11049,
-0.1079037,1.236939,0.0949009,
-0.1067811,1.205379,0.0800436,
-0.1066276,1.17581,0.0634082,
-0.1069035,1.148223,0.046178,
-0.1070129,1.121808,0.0289605,
-0.1078818,1.099655,0.0116281,
-0.1088833,1.080026,-0.00537836,
-0.1081523,1.06302,-0.0221238,
-0.1072571,1.044872,-0.0389202,
-0.1041626,1.028568,-0.054838,
-0.1029938,1.012341,-0.070393,
-0.1029587,0.9969894,-0.0845336,
-0.1040272,0.9830924,-0.097829,
-0.1054482,0.9712343,-0.109575,
-0.1042274,0.959304,-0.120462,
-0.1061416,0.950456,-0.128578,
-0.1091893,0.9435277,-0.134595,
-0.1111346,0.9357185,-0.139198,
-0.1159155,0.9325501,-0.1404,
-0.1216576,0.933805,-0.136722,
-0.1247145,0.9319469,-0.133792,
-0.1295738,0.9321887,-0.130660,
-0.1366774,0.9386311,-0.11971,
-0.1421627,0.9417059,-0.11015,
-0.1492066,0.9489599,-0.0978062,
-0.1556351,0.9574946,-0.0839396,
-0.1606993,0.9676612,-0.067106,
-0.1678243,0.9784423,-0.0508277,
-0.1754421,0.9910009,-0.0332536,
-0.1811595,1.004855,-0.0152277,
-0.1882662,1.021942,0.0047490,
-0.1953528,1.040634,0.0249768,
-0.2022547,1.057932,0.0424527,
-0.2123572,1.079758,0.0631166,
-0.2237867,1.10076,0.0805190,
-0.2354346,1.121321,0.0986056,
-0.2504364,1.145758,0.115309,
-0.263881,1.169752,0.132150,
-0.2752042,1.196632,0.151070,
-0.2900016,1.222311,0.165267,
-0.3052684,1.248596,0.178478,
-0.3218613,1.275942,0.189558,
-0.3386405,1.302715,0.199734,
-0.3552434,1.329478,0.206379,
-0.3721498,1.356293,0.214242,
-0.3888942,1.383117,0.219944,
-0.403857,1.409106,0.223164,
-0.4182385,1.43492,0.227310,
-0.4301494,1.458192,0.227547,
-0.4427119,1.481135,0.230090,
-0.4549433,1.500312,0.230505,
-0.466473,1.518011,0.231316,
-0.4776917,1.531889,0.2295,
-0.4874413,1.545724,0.230378,
-0.4967687,1.559294,0.230162,
-0.5054146,1.569122,0.230485,
-0.5150321,1.577674,0.230172,
-0.5233293,1.581608,0.229502,
-0.5326978,1.584269,0.228161,
-0.5420406,1.588988,0.227029,
-0.552222,1.589749,0.226172,
-0.5619133,1.590693,0.224681,
-0.5725359,1.586671,0.221731,
-0.5832549,1.583221,0.219645,
