-0.2190091,1.451446,0.304093,
-0.2162725,1.449256,0.30304,
-0.2104372,1.448031,0.30306,
-0.2046821,1.447378,0.302204,
-0.1958031,1.446657,0.299179,
-0.1841636,1.446912,0.296294,
-0.17114,1.447248,0.292744,
-0.1562514,1.447982,0.287519,
-0.1409169,1.450719,0.282919,
-0.1185616,1.455062,0.275012,
-0.09979671,1.458369,0.26806,
-0.07957935,1.463214,0.260424,
-0.05396616,1.469152,0.249202,
-0.03079474,1.473982,0.239197,
-0.002797127,1.480941,0.225734,
0.02134919,1.485842,0.21452,
0.04973745,1.491629,0.199287,
0.07940227,1.498486,0.183143,
0.1091344,1.5045,0.165024,
0.1386522,1.510631,0.145505,
0.1674498,1.516976,0.126685,
0.1960127,1.523103,0.104418,
0.2238936,1.528982,0.0796117,
0.2511964,1.53573,0.0569741,
0.2769451,1.541117,0.0319232,
0.3007362,1.545926,0.00538039,
0.3224444,1.550111,-0.0222899,
0.3392104,1.553576,-0.049447,
0.3565736,1.55728,-0.0754933,
0.3685601,1.559126,-0.10165,
0.3791096,1.56207,-0.125080,
0.3876561,1.562835,-0.150625,
0.3945374,1.565079,-0.171284,
0.4019023,1.566218,-0.192293,
0.4040256,1.564814,-0.208827,
0.4067811,1.563593,-0.227898,
0.4083511,1.560079,-0.241595,
0.4095239,1.555362,-0.253148,
0.4115103,1.550413,-0.262274,
0.4121424,1.543846,-0.269483,
0.4129089,1.536657,-0.275184,
0.4131096,1.529086,-0.279906,
0.4114193,1.517769,-0.279253,
0.4105865,1.507572,-0.281190,
0.4101218,1.496679,-0.281187,
0.4082782,1.480813,-0.274494,
0.4068671,1.465303,-0.268472,
0.4057105,1.449547,-0.261423,
0.403356,1.430914,-0.250945,
0.4000303,1.410779,-0.239572,
0.396152,1.389139,-0.224743,
0.3909228,1.365768,-0.209280,
0.384878,1.342449,-0.194697,
0.3770229,1.316163,-0.173542,
0.3664185,1.287889,-0.153447,
0.3525053,1.258292,-0.132642,
0.3395717,1.22996,-0.108226,
0.3210502,1.198003,-0.0865905,
0.2990347,1.165309,-0.0653796,
0.2750121,1.134369,-0.045584,
0.2466816,1.101944,-0.0271325,
0.2162208,1.070108,-0.0107723,
0.1836058,1.04167,0.00266194,
0.1502737,1.014109,0.0140340,
0.117027,0.9902536,0.0223848,
0.08508584,0.9692224,0.0268079,
0.05315709,0.9525841,0.0298521,
0.02167797,0.9383612,0.0312604,
-0.006476521,0.9281859,0.0290021,
-0.03662968,0.9158412,0.0296329,
-0.06289089,0.9093709,0.0289429,
-0.08027411,0.906683,0.0258355,
-0.09661001,0.9063013,0.0251742,
-0.1089355,0.9074347,0.0240572,
-0.1202756,0.9082016,0.0258367,
-0.1283343,0.9112186,0.0248958,
-0.1341413,0.9140269,0.0248563,
-0.1398457,0.9168321,0.0256239,
-0.1354271,0.9245813,0.0280545,
-0.1347945,0.9302694,0.0299096,
-0.1271598,0.9377367,0.0362577,
-0.1172837,0.9462032,0.0434097,
-0.1038285,0.9556893,0.0498384,
-0.08988613,0.9683424,0.0593047,
-0.07302874,0.9809512,0.0686684,
-0.05462766,0.9946963,0.0783655,
-0.03497052,1.011645,0.0898351,
-0.01541078,1.030551,0.102027,
0.002490461,1.049411,0.112244,
0.02394885,1.073011,0.125070,
0.04580593,1.099312,0.138277,
0.06748128,1.129558,0.149862,
0.08925018,1.159497,0.161983,
0.1121958,1.200032,0.17482,
0.129567,1.240238,0.18475,
0.1460863,1.279649,0.195168,
0.1603171,1.320432,0.204110,
0.1665414,1.369156,0.208986,
0.1763523,1.411677,0.214546,
0.1806068,1.452956,0.217172,
0.1831442,1.496553,0.216577,
0.1854967,1.535403,0.215195,
0.1866632,1.57245,0.212681,
0.1852677,1.605982,0.207252,
0.1851996,1.639676,0.201515,
0.1842746,1.670123,0.193346,
0.1830829,1.697259,0.182514,
0.1826889,1.722553,0.171168,
0.1826244,1.742596,0.158476,
0.1820563,1.763224,0.146685,
0.1806482,1.773409,0.130850,
0.179998,1.785712,0.118803,
0.1807568,1.798471,0.107538,
0.1829379,1.801477,0.0934007,
0.1871301,1.804481,0.0821325,
0.1915423,1.802647,0.0723121,
0.1953672,1.800671,0.0661101,
0.1981926,1.799514,0.060437,
0.1985202,1.791846,0.0600683,
0.2005528,1.786213,0.0580110,
0.2021492,1.777874,0.0583888,
0.202069,1.770106,0.0574626,
0.2035168,1.75828,0.0596257,
0.2055071,1.744425,0.0616745,
0.2069898,1.728398,0.0645787,
0.2087503,1.714073,0.0633509,
0.2133178,1.692129,0.064852,
0.2178098,1.673023,0.0660819,
0.2219563,1.649498,0.0639821,
0.2273506,1.62408,0.0633584,
0.2342575,1.597425,0.0626553,
0.2400067,1.570259,0.0607187,
0.2461276,1.539465,0.0566967,
0.2545905,1.508593,0.0548675,
0.2602919,1.474773,0.0484589,
0.2653518,1.439341,0.0413172,
0.2697334,1.402919,0.0334883,
0.273794,1.367113,0.0262994,
0.2758566,1.328192,0.0157234,
0.2772224,1.289397,0.00434887,
0.2770919,1.250328,-0.00914096,
0.2755481,1.211619,-0.0236159,
0.2730642,1.173659,-0.0380253,
0.2679935,1.136473,-0.0537289,
0.261256,1.101392,-0.0701806,
0.2536078,1.068518,-0.0881233,
0.2456547,1.036991,-0.106335,
0.2373255,1.009197,-0.125005,
0.2287223,0.9866313,-0.141884,
0.2209814,0.968714,-0.156256,
0.2133877,0.9547484,-0.166732,
0.2058592,0.9438367,-0.174191,
0.2005667,0.9324901,-0.181383,
0.1959217,0.9260854,-0.186176,
0.1941811,0.9198776,-0.188871,
0.1904291,0.9133012,-0.192510,
0.1888438,0.9137707,-0.187338,
0.1887676,0.9111817,-0.182902,
0.1869327,0.9141439,-0.174016,
0.1848451,0.9189167,-0.162656,
0.185395,0.9225328,-0.149939,
0.1833731,0.9327393,-0.131966,
0.1813027,0.9422755,-0.115643,
0.181217,0.9518573,-0.0986499,
0.1805791,0.9648256,-0.0810108,
0.1799108,0.9786564,-0.0628862,
0.1789974,0.9926555,-0.0443986,
0.1771438,1.011286,-0.0236289,
0.1743227,1.028601,-0.00439536,
0.1703086,1.049529,0.0149340,
0.1630555,1.074237,0.0374785,
0.1521689,1.103377,0.0619442,
0.1439883,1.127483,0.0815367,
0.1303595,1.156273,0.104436,
0.1190185,1.18157,0.124962,
0.1046132,1.210328,0.145826,
0.08161932,1.266455,0.179783,
0.06998676,1.297568,0.195768,
0.05886972,1.325727,0.209682,
0.04691398,1.35757,0.221003,
0.03674513,1.386221,0.231923,
0.02486265,1.41587,0.240948,
0.01385278,1.444081,0.246750,
0.004253387,1.472401,0.251666,
-0.005081594,1.49825,0.255500,
-0.01359618,1.522677,0.257797,
-0.02212775,1.545726,0.258631,
-0.02994704,1.564775,0.256521,
-0.03832662,1.585078,0.25607,
-0.04570341,1.599262,0.251668,
-0.05289561,1.615273,0.249015,
-0.05986428,1.627342,0.244070,
-0.06769544,1.634495,0.237342,
-0.07575005,1.642164,0.231406,
-0.08445412,1.647919,0.22538,
-0.09338987,1.652261,0.219456,
