-0.04427385,1.02696,0.201692,
-0.04683691,1.028907,0.198671,
-0.04772031,1.030128,0.19621,
-0.04822135,1.031558,0.194062,
-0.04619288,1.031883,0.193353,
-0.04377359,1.031907,0.193229,
-0.03326267,1.031917,0.197566,
-0.0253585,1.03337,0.20081,
-0.01283538,1.035273,0.207747,
0.001494586,1.036179,0.215134,
0.0179674,1.036298,0.223840,
0.03389883,1.03748,0.232057,
0.05691493,1.038399,0.242920,
0.07980865,1.040364,0.253347,
0.1029538,1.042556,0.26361,
0.1283726,1.044702,0.272910,
0.1583353,1.047242,0.283651,
0.1895419,1.050034,0.29321,
0.2228689,1.052773,0.300514,
0.256428,1.055575,0.307077,
0.2891658,1.058214,0.312467,
0.3251695,1.061083,0.313259,
0.3588292,1.063192,0.314169,
0.3924748,1.065357,0.311049,
0.424573,1.067706,0.30563,
0.4549094,1.07043,0.299253,
0.4812889,1.073884,0.290128,
0.5038015,1.076705,0.279617,
0.524703,1.076789,0.269028,
0.5378939,1.078227,0.257742,
0.5548339,1.078644,0.248287,
0.565442,1.07318,0.23713,
0.5773975,1.073601,0.22752,
0.5840064,1.069674,0.21976,
0.5928643,1.065037,0.211185,
0.5988506,1.060646,0.203843,
0.6031413,1.054707,0.19678,
0.606182,1.047643,0.189371,
0.6068857,1.039016,0.184775,
0.6040446,1.029238,0.180629,
0.6029637,1.021445,0.17722,
0.5938548,1.009342,0.177962,
0.581988,0.995504,0.181087,
0.5683794,0.9818302,0.186354,
0.5526491,0.9645585,0.191685,
0.5358695,0.9484438,0.198720,
0.5158263,0.92751,0.204443,
0.4965827,0.9076643,0.208205,
0.4699735,0.8823055,0.212559,
0.4430725,0.8588982,0.21623,
0.418139,0.8349622,0.218012,
0.3892674,0.8090364,0.21785,
0.3627813,0.7823344,0.213100,
0.3329942,0.756657,0.209045,
0.3041345,0.7297448,0.197997,
0.2494655,0.6865282,0.179800,
0.2242649,0.6648571,0.164961,
0.2058399,0.6521986,0.154480,
0.188403,0.64192,0.14548,
0.178671,0.6341048,0.137040,
0.1708814,0.6321175,0.132300,
0.1598584,0.6274567,0.126439,
0.1546425,0.6311939,0.122930,
0.1449283,0.6297042,0.118464,
0.1395819,0.6315163,0.118310,
0.1352284,0.6320419,0.119147,
0.1320832,0.6321692,0.118969,
0.1324263,0.6361344,0.122003,
0.1325006,0.6382056,0.127427,
0.1332197,0.6408553,0.131007,
0.1374744,0.6484305,0.13971,
0.1416098,0.6591223,0.150142,
0.1440056,0.6681385,0.158177,
0.1481716,0.6832218,0.170616,
0.1514959,0.7008613,0.183927,
0.1560097,0.723578,0.197374,
0.1589156,0.7476422,0.2099,
0.1619317,0.7791182,0.224470,
0.1636516,0.8154566,0.237655,
0.1648001,0.8544213,0.24981,
0.1648488,0.8918322,0.260845,
0.1621895,0.9352227,0.267248,
0.1622639,0.9778389,0.272605,
0.163859,1.020534,0.275505,
0.1664066,1.062751,0.27589,
0.1672206,1.105814,0.272454,
0.1707541,1.143779,0.265412,
0.1725921,1.180193,0.258918,
0.1748391,1.212943,0.249949,
0.1788207,1.242494,0.240044,
0.1818732,1.270474,0.231259,
0.1849629,1.293386,0.222252,
0.186107,1.311679,0.21207,
0.1891491,1.327029,0.202533,
0.1926106,1.345574,0.193983,
0.1970028,1.357057,0.186087,
0.1983326,1.364991,0.175678,
0.2016599,1.374332,0.168669,
0.204928,1.384188,0.161742,
0.2063322,1.385162,0.156063,
0.2106174,1.389993,0.151520,
0.2150348,1.391149,0.148714,
0.219583,1.390151,0.147498,
0.2253577,1.387457,0.147402,
0.2316151,1.383641,0.149694,
0.2379652,1.37944,0.150831,
0.2446708,1.371185,0.153424,
0.25189,1.361672,0.156629,
0.2587807,1.351736,0.159528,
0.2661923,1.335706,0.164500,
0.2739368,1.320102,0.168807,
0.2809788,1.304285,0.171789,
0.289225,1.284485,0.176552,
0.2979382,1.262663,0.181109,
0.3062771,1.240981,0.18374,
0.3158951,1.212872,0.187439,
0.3251462,1.187289,0.190658,
0.3348785,1.157078,0.192165,
0.345124,1.124673,0.193921,
0.3555098,1.090692,0.195365,
0.3649668,1.056267,0.195819,
0.3739029,1.017581,0.194964,
0.3826254,0.9778494,0.191739,
0.3913477,0.9393032,0.188658,
0.3990628,0.8994207,0.182724,
0.4064746,0.8599991,0.174695,
0.4129856,0.8216615,0.164279,
0.4194233,0.786185,0.153799,
0.4247588,0.75688,0.13846,
0.4305103,0.728321,0.126742,
0.4344333,0.7072395,0.115313,
0.4382667,0.6899841,0.102855,
0.4391852,0.6789855,0.0937281,
0.4411611,0.664201,0.0842667,
0.439306,0.662249,0.0791319,
0.439621,0.650534,0.0709027,
0.4357189,0.6506974,0.0691683,
0.4312158,0.6467994,0.0673940,
0.4279977,0.6445608,0.0677785,
0.4219821,0.6464425,0.0700637,
0.4144999,0.6495054,0.0737184,
0.4085561,0.6561204,0.0813931,
0.4017027,0.6612037,0.0861136,
0.3917152,0.6736406,0.0957466,
0.3838415,0.6839604,0.105452,
0.3728853,0.6967635,0.114800,
0.360536,0.7114081,0.125215,
0.3490566,0.7275087,0.136404,
0.3354807,0.7454063,0.146951,
0.3193418,0.7662046,0.15862,
0.3035073,0.7864068,0.169037,
0.2869011,0.8053025,0.178600,
0.2656756,0.8283941,0.188832,
0.2459363,0.85074,0.197426,
0.224153,0.8741609,0.204576,
0.2013506,0.8983548,0.210054,
0.178555,0.9225731,0.213561,
0.1534451,0.9480106,0.21408,
0.1302831,0.9717039,0.215051,
0.1063245,0.9969267,0.21195,
0.08414319,1.019526,0.206543,
0.0622732,1.04361,0.201260,
0.0410794,1.064024,0.195342,
0.02286851,1.084645,0.188160,
0.004543304,1.101755,0.180077,
-0.01265103,1.116911,0.171337,
-0.02858621,1.132559,0.163066,
-0.04235911,1.143083,0.155210,
-0.05608231,1.153623,0.147487,
-0.06876779,1.161907,0.139317,
-0.07918477,1.168046,0.132476,
-0.08928275,1.174345,0.125218,
-0.09978974,1.180587,0.117880,
-0.1081665,1.184266,0.111177,
