0.2231821,1.060679,0.325025,
0.223743,1.062323,0.324555,
0.2268867,1.061875,0.324623,
0.2302078,1.062976,0.324712,
0.2375917,1.065006,0.325362,
0.2482452,1.067683,0.325314,
0.262208,1.071359,0.326578,
0.2757604,1.076328,0.327088,
0.2967157,1.082779,0.326893,
0.3138538,1.088061,0.327037,
0.334951,1.094656,0.32692,
0.3575818,1.102077,0.324819,
0.3801329,1.109558,0.322564,
0.4068382,1.119467,0.318924,
0.4349699,1.128952,0.313258,
0.4632119,1.137765,0.305769,
0.4923328,1.1478,0.29705,
0.5208151,1.156541,0.288169,
0.5503165,1.166441,0.276136,
0.579868,1.174431,0.262739,
0.6085819,1.180306,0.24653,
0.6365427,1.187371,0.231181,
0.6631479,1.192407,0.212849,
0.6873567,1.19649,0.194283,
0.7090359,1.199985,0.175572,
0.7294135,1.203843,0.15827,
0.7460909,1.206345,0.140111,
0.7591229,1.208032,0.122831,
0.7716908,1.209042,0.106307,
0.7830916,1.208962,0.09035,
0.7936018,1.207461,0.0750546,
0.8033221,1.203019,0.0585303,
0.8103704,1.197366,0.0459055,
0.8186368,1.190677,0.0324036,
0.8239707,1.183654,0.0221327,
0.827634,1.175601,0.0141344,
0.832044,1.167466,0.0067194,
0.8325509,1.157604,0.00387728,
0.8317505,1.146755,0.00332975,
0.8305956,1.135205,0.00453960,
0.8277113,1.122432,0.00804054,
0.8238429,1.108402,0.013469,
0.8202545,1.094549,0.0184745,
0.8142676,1.078286,0.0273132,
0.8062933,1.060898,0.037859,
0.7983623,1.043907,0.0469643,
0.7852124,1.023123,0.0611903,
0.7738076,1.00357,0.0725145,
0.7587793,0.9813377,0.0857033,
0.7427293,0.9595069,0.097920,
0.7233677,0.9346565,0.110927,
0.7005967,0.9092804,0.123313,
0.6766152,0.8826714,0.134635,
0.6498934,0.8569483,0.145537,
0.6240872,0.8305125,0.153965,
0.5938442,0.8030846,0.158570,
0.5646467,0.776896,0.160883,
0.5370834,0.7535517,0.165127,
0.5074803,0.7299763,0.161609,
0.48029,0.7091017,0.157704,
0.4532778,0.6994432,0.156586,
0.4293458,0.6829689,0.151577,
0.4136042,0.6755484,0.145216,
0.3982144,0.6638957,0.138196,
0.3829027,0.6578591,0.132420,
0.3675608,0.652259,0.12733,
0.3550116,0.6423013,0.118774,
0.3485183,0.6451372,0.117007,
0.3428506,0.6479052,0.115960,
0.3361181,0.6497872,0.116223,
0.3329796,0.6560715,0.117307,
0.330429,0.6640077,0.11925,
0.3280703,0.6723479,0.124802,
0.3294514,0.6846412,0.129905,
0.3307141,0.6965663,0.134832,
0.3350079,0.7123325,0.145611,
0.3418212,0.7300169,0.154185,
0.3494751,0.7489262,0.163198,
0.3550753,0.7682121,0.173978,
0.3632882,0.7905202,0.184082,
0.3707334,0.8154036,0.194433,
0.3767951,0.842441,0.204541,
0.3842925,0.8759654,0.214870,
0.3893348,0.9072567,0.222915,
0.3958346,0.9422437,0.230785,
0.4017991,0.9803693,0.236426,
0.4072179,1.015601,0.242084,
0.4104702,1.051385,0.243901,
0.4143814,1.089089,0.24469,
0.4175403,1.125647,0.243627,
0.417913,1.1603,0.237858,
0.4197323,1.193511,0.233142,
0.4213896,1.224643,0.227454,
0.4208496,1.251454,0.218230,
0.4218718,1.278965,0.211786,
0.4213036,1.299712,0.201657,
0.421959,1.322768,0.194272,
0.4231406,1.339549,0.186848,
0.4250875,1.356539,0.180023,
0.4272315,1.368964,0.170844,
0.4311751,1.378924,0.165215,
0.4332405,1.389843,0.158574,
0.4375049,1.397322,0.15319,
0.4420779,1.40067,0.149408,
0.4458222,1.403763,0.144647,
0.4510456,1.406081,0.140759,
0.4570413,1.406231,0.137606,
0.4631417,1.406283,0.13359,
0.4716868,1.399153,0.133064,
0.4785817,1.395336,0.131762,
0.4853904,1.386527,0.130956,
0.4922561,1.378934,0.130859,
0.4994375,1.366868,0.13179,
0.5068908,1.35289,0.132881,
0.5143105,1.336257,0.133097,
0.5222232,1.318275,0.134227,
0.530161,1.29827,0.135345,
0.53747,1.278727,0.135810,
0.545118,1.254511,0.136668,
0.5527993,1.228094,0.136978,
0.5608729,1.204129,0.139169,
0.5686842,1.171104,0.137763,
0.5765181,1.141047,0.136022,
0.5834714,1.105952,0.131465,
0.5906724,1.071154,0.12706,
0.597453,1.035787,0.121475,
0.6039407,1.001493,0.115088,
0.6098877,0.9673663,0.106464,
0.6158501,0.9356517,0.0962367,
0.621983,0.90547,0.0856800,
0.6282901,0.8805025,0.0731104,
0.6335018,0.8541843,0.0619528,
0.637033,0.8325673,0.0508869,
0.6384075,0.8135866,0.041107,
0.6390218,0.7975616,0.0319138,
0.6417544,0.7816668,0.0224422,
0.6435218,0.7691996,0.0144776,
0.6451532,0.757521,0.00739097,
0.6468357,0.7446223,0.00121200,
0.6447564,0.7377958,-0.000857949,
0.6419155,0.7317036,-0.00235414,
0.6406612,0.7251595,-0.00289213,
0.6358473,0.7239376,-0.000807523,
0.630284,0.7244303,0.00286829,
0.6260844,0.7240244,0.00874376,
0.6171409,0.730265,0.0176893,
0.6108844,0.7342894,0.0267263,
0.6009583,0.7420563,0.036719,
0.5901889,0.7513362,0.0477157,
0.5786176,0.7620625,0.0595772,
0.5687736,0.7728328,0.07173,
0.555985,0.787281,0.085146,
0.5436123,0.8036028,0.0989104,
0.5296643,0.8210756,0.112994,
0.5146526,0.8393019,0.127043,
0.4982687,0.8580859,0.140825,
0.4825239,0.8745791,0.150924,
0.4640383,0.8955364,0.163529,
0.4457136,0.9155915,0.172210,
0.4271886,0.93811,0.18307,
0.4066508,0.9632527,0.192363,
0.3879557,0.9844127,0.198848,
0.3682407,1.010264,0.205575,
0.3496881,1.035419,0.211302,
0.3320437,1.060422,0.213656,
0.3148323,1.085484,0.217233,
0.298787,1.111401,0.218209,
0.2844936,1.136784,0.215897,
0.2697477,1.162033,0.2152,
0.2579459,1.186403,0.210545,
0.2474641,1.210589,0.206380,
0.2356634,1.233366,0.203243,
0.2293406,1.252529,0.195663,
0.2214926,1.273448,0.189997,
0.216434,1.290497,0.182307,
0.2127065,1.305978,0.174898,
0.2093122,1.329318,0.158912,
0.2081502,1.339625,0.151097,
0.2078332,1.346606,0.14453,
0.2089376,1.352572,0.13790,
0.2107455,1.356813,0.131528,
