-0.1500082,0.9862036,-0.119189,
-0.1489179,0.9825507,-0.115300,
-0.1482614,0.9799935,-0.113158,
-0.1465282,0.9773002,-0.109208,
-0.1393704,0.9739459,-0.0987805,
-0.1335322,0.9706735,-0.0906444,
-0.1244363,0.9684668,-0.0785387,
-0.1145922,0.9658715,-0.0661833,
-0.08762634,0.9640908,-0.0389088,
-0.07033676,0.9659803,-0.0228509,
-0.05175328,0.9686697,-0.0049464,
-0.03191608,0.9723628,0.0142804,
-0.00703001,0.9770228,0.0350099,
0.02035987,0.9834654,0.0576788,
0.04824853,0.9902866,0.0793522,
0.0857054,1.001311,0.102090,
0.1233352,1.011514,0.12364,
0.1604416,1.021467,0.143137,
0.2037514,1.033205,0.158646,
0.2477421,1.0435,0.17246,
0.2905075,1.05274,0.1836,
0.3370233,1.062327,0.188199,
0.3817734,1.070228,0.189638,
0.4244986,1.076987,0.189357,
0.4636075,1.082521,0.180439,
0.4997751,1.087952,0.173542,
0.5293962,1.093556,0.163713,
0.5548458,1.097753,0.154208,
0.5778286,1.096996,0.143650,
0.5975829,1.099115,0.132513,
0.6138247,1.092843,0.121064,
0.6312186,1.088836,0.110533,
0.6454039,1.085356,0.0997176,
0.6560735,1.08186,0.0893652,
0.6627127,1.079368,0.079066,
0.6742769,1.075634,0.0710483,
0.6701426,1.071749,0.0647320,
0.6730775,1.06925,0.0590244,
0.6682444,1.063783,0.0567575,
0.6618035,1.056009,0.056858,
0.6545141,1.047386,0.0587470,
0.6465731,1.040739,0.0604992,
0.633839,1.030169,0.0656063,
0.6188933,1.019714,0.0727566,
0.6009986,1.007625,0.0802807,
0.5804131,0.9942523,0.0881792,
0.5362686,0.9652684,0.102190,
0.5100002,0.9487778,0.108913,
0.4823126,0.9295945,0.112811,
0.4549331,0.9111288,0.115574,
0.4208974,0.8891896,0.115115,
0.3885626,0.8662294,0.110096,
0.3557644,0.8449442,0.106370,
0.3197643,0.822602,0.09873,
0.2831132,0.8008369,0.0875800,
0.2494885,0.7782041,0.0701469,
0.214905,0.7597984,0.049172,
0.1832355,0.7421674,0.0295964,
0.1574962,0.7268598,0.00340938,
0.1340263,0.7146058,-0.0201170,
0.1153917,0.7009491,-0.0464377,
0.09663251,0.6938001,-0.0672723,
0.08258948,0.6896584,-0.0872285,
0.07300159,0.687975,-0.105010,
0.06186086,0.6870245,-0.120826,
0.05886489,0.6903291,-0.127908,
0.05496788,0.6914351,-0.135842,
0.05032825,0.692982,-0.143496,
0.04877317,0.6943797,-0.148075,
0.04831034,0.6964246,-0.148918,
0.04694128,0.6983621,-0.152229,
0.04836076,0.7020563,-0.15144,
0.04562747,0.7037559,-0.144270,
0.04752457,0.7084911,-0.139802,
0.05209708,0.7142608,-0.130047,
0.05771387,0.7219058,-0.11312,
0.06213069,0.7298115,-0.101271,
0.06832138,0.73931,-0.0850355,
0.07342204,0.7501426,-0.0678014,
0.07892653,0.7622602,-0.0515741,
0.08550429,0.7771503,-0.0325673,
0.09292951,0.7949027,-0.0135337,
0.1012582,0.8142697,0.00765538,
0.1103455,0.8369851,0.0268629,
0.1174875,0.8627158,0.0453859,
0.1247044,0.8890015,0.0626133,
0.1332192,0.9209532,0.0775386,
0.1403018,0.955391,0.0895550,
0.1488026,0.9879197,0.101461,
0.1597459,1.027928,0.107339,
0.1669701,1.064234,0.112260,
0.17592,1.100816,0.113758,
0.1851072,1.137779,0.111455,
0.193276,1.172119,0.108425,
0.2003033,1.20259,0.103389,
0.2065026,1.23227,0.0947374,
0.2137624,1.261236,0.0885418,
0.2194554,1.285311,0.0781452,
0.2248634,1.307232,0.0691806,
0.2312779,1.32969,0.0600082,
0.2368187,1.347109,0.0506318,
0.2420024,1.364356,0.0419853,
0.247027,1.378738,0.0332466,
0.250672,1.391949,0.0254240,
0.2524616,1.402245,0.0178862,
0.2564503,1.412096,0.011738,
0.2587025,1.42009,0.00674569,
0.2612368,1.426581,0.00279974,
0.2629372,1.430119,0.000753998,
0.2656826,1.435109,-0.00202429,
0.2682519,1.435045,-0.00181531,
0.2712547,1.436825,-0.00310397,
0.2731517,1.435547,-0.00239157,
0.2744933,1.432831,-0.0010824,
0.2763207,1.430358,-0.000688672,
0.2767507,1.422932,0.00249695,
0.2779509,1.417487,0.00424802,
0.2782913,1.409015,0.0075200,
0.2791095,1.400721,0.0111162,
0.2803319,1.389052,0.0159235,
0.2808089,1.375731,0.0211317,
0.2821011,1.360695,0.0281213,
0.2842688,1.344087,0.0358979,
0.2858598,1.327082,0.0425372,
0.2882487,1.306359,0.0513116,
0.2915093,1.281814,0.0609602,
0.2943414,1.258442,0.0691282,
0.2977025,1.231559,0.0776630,
0.3017971,1.204841,0.0863928,
0.306623,1.173833,0.094175,
0.3129649,1.13942,0.100941,
0.3188402,1.107226,0.10720,
0.3253519,1.071631,0.111712,
0.3319247,1.035327,0.114408,
0.3386182,0.9984339,0.11485,
0.3460076,0.9627647,0.11481,
0.3540577,0.927509,0.111101,
0.3622654,0.8936154,0.106564,
0.3710705,0.8625244,0.0987443,
0.3794457,0.8347733,0.0902123,
0.3868179,0.8089787,0.0811858,
0.3941345,0.7831893,0.0720381,
0.3987794,0.7613152,0.0625510,
0.400728,0.7446309,0.0526033,
0.4040356,0.7265273,0.0424385,
0.4062325,0.7138345,0.033791,
0.4088312,0.7033567,0.0257623,
0.4099088,0.6934469,0.0189938,
0.410777,0.6837416,0.0121694,
0.4088113,0.6791934,0.00749194,
0.4057048,0.675656,0.00553345,
0.4008996,0.6765702,0.00430750,
0.395983,0.6796067,0.00440490,
0.3920934,0.6828709,0.00838112,
0.3887803,0.683877,0.00804412,
0.3834793,0.692917,0.0128735,
0.3789144,0.6978053,0.0175237,
0.3713085,0.706956,0.0228809,
0.3634908,0.7149255,0.027294,
0.357544,0.7215655,0.0307289,
0.3490568,0.7304332,0.0357631,
0.3411361,0.7388412,0.0405225,
0.332616,0.7488298,0.0464770,
0.3242056,0.7590504,0.0533808,
0.3155204,0.7696439,0.0601310,
0.3064194,0.7805746,0.0672572,
0.2955666,0.7921805,0.0732714,
0.2816916,0.804492,0.0795831,
0.2680793,0.8191767,0.0878800,
0.2482457,0.8340287,0.0929245,
0.2291477,0.8493154,0.098264,
0.2111729,0.8675562,0.104400,
0.1905243,0.8858336,0.108044,
0.1686745,0.9066814,0.109212,
0.1470579,0.9263464,0.109856,
0.1237873,0.9482849,0.105749,
0.09973907,0.973027,0.100379,
0.07785457,0.9951211,0.0955355,
0.05863023,1.021083,0.0870495,
0.03921121,1.044011,0.0799108,
0.02244169,1.065426,0.0721750,
0.009233236,1.086159,0.0634517,
-0.003539324,1.104387,0.0563716,
-0.01671475,1.122875,0.0486438,
-0.02649963,1.13993,0.0396670,
-0.03468478,1.153535,0.0320222,
-0.04366165,1.167017,0.0219730,
-0.05251431,1.180874,0.0128858,
-0.05774856,1.189776,0.00290703,
-0.06341791,1.199616,-0.00666022,
-0.06953251,1.20903,-0.0158600,
-0.07320642,1.216378,-0.0246274,
-0.07572067,1.222856,-0.0331002,
-0.07827139,1.227368,-0.041133,
-0.0792954,1.231361,-0.0481965,
-0.08053946,1.235673,-0.0551484,
-0.08047813,1.237417,-0.0611956,
-0.07991171,1.237662,-0.0665485,
-0.07899743,1.237084,-0.0713654,
