-0.2792987,1.131999,-0.118027,
-0.2810167,1.13066,-0.111900,
-0.2822307,1.129347,-0.103364,
-0.282515,1.127868,-0.0934203,
-0.2793541,1.126274,-0.0703209,
-0.2752679,1.127618,-0.0545766,
-0.2703766,1.128704,-0.037507,
-0.2642723,1.130622,-0.0188392,
-0.2564383,1.133646,0.000694632,
-0.2489827,1.136411,0.0186749,
-0.2385284,1.14114,0.0402834,
-0.2265331,1.146948,0.0625898,
-0.2124342,1.154217,0.0843014,
-0.1984679,1.160857,0.107772,
-0.1797642,1.169708,0.13286,
-0.1606844,1.178182,0.158374,
-0.1401032,1.186509,0.18370,
-0.119439,1.194128,0.206814,
-0.09573925,1.201899,0.230262,
-0.07370037,1.208697,0.252911,
-0.04870737,1.214274,0.272261,
-0.02538532,1.219984,0.292168,
-0.001203656,1.224777,0.311288,
0.02404749,1.228131,0.327350,
0.04867738,1.229505,0.341364,
0.07193434,1.23096,0.354715,
0.09453446,1.232044,0.367359,
0.1141928,1.231621,0.376957,
0.1333125,1.230822,0.385595,
0.1499087,1.229835,0.391970,
0.1659026,1.22869,0.398574,
0.1796095,1.227447,0.402375,
0.1920738,1.225406,0.405206,
0.2027675,1.222657,0.407169,
0.213679,1.219791,0.410486,
0.2177696,1.215344,0.409868,
0.2210702,1.209952,0.409336,
0.2256139,1.206235,0.410272,
0.2225322,1.199917,0.408943,
0.2224948,1.193378,0.408088,
0.2189209,1.186666,0.407223,
0.2140612,1.178338,0.405818,
0.2080526,1.168875,0.404530,
0.2025209,1.159035,0.403510,
0.1928391,1.146847,0.401970,
0.180952,1.133223,0.400168,
0.1701125,1.11896,0.397864,
0.1520128,1.101176,0.394132,
0.1369219,1.0847,0.389455,
0.1186552,1.066165,0.384072,
0.0977084,1.045719,0.375399,
0.07950449,1.026637,0.367106,
0.05946964,1.004261,0.355254,
0.04016662,0.9822221,0.341920,
0.02028507,0.9590179,0.32625,
-3.218651E-06,0.9350436,0.307343,
-0.0189088,0.9105034,0.284534,
-0.03730148,0.886747,0.261093,
-0.05406094,0.8629091,0.237107,
-0.06797701,0.8411429,0.209092,
-0.07926399,0.8217103,0.182187,
-0.08911747,0.8038874,0.156535,
-0.09278876,0.789773,0.128876,
-0.09910792,0.7747923,0.102548,
-0.1022626,0.7640328,0.0783110,
-0.1048788,0.7566348,0.0552654,
-0.1060786,0.7515503,0.0342295,
-0.1069423,0.7475702,0.0131369,
-0.1088285,0.7429945,-0.00573003,
-0.1098623,0.7446598,-0.0215814,
-0.1095579,0.7511736,-0.0310616,
-0.1119767,0.7538325,-0.0417039,
-0.1145934,0.7604485,-0.0485041,
-0.1165777,0.7673197,-0.0519112,
-0.1197122,0.7723352,-0.0558263,
-0.1244946,0.7820532,-0.0521620,
-0.1284949,0.7892884,-0.052218,
-0.1335626,0.7999097,-0.0470423,
-0.1396216,0.8139752,-0.0381631,
-0.1450595,0.8259183,-0.0326974,
-0.1506188,0.8412122,-0.0235775,
-0.1565543,0.857585,-0.0130982,
-0.161934,0.8733819,-0.00389957,
-0.1664351,0.8928638,0.00700616,
-0.1717998,0.9145923,0.0189687,
-0.1763955,0.9360417,0.0302934,
-0.1785914,0.9646878,0.0434274,
-0.1821035,0.9907032,0.0555496,
-0.1840265,1.020025,0.0679485,
-0.1832392,1.051322,0.0784542,
-0.1828731,1.084071,0.0889536,
-0.1811579,1.115375,0.0987495,
-0.1759158,1.149137,0.105409,
-0.1712787,1.183122,0.111603,
-0.164933,1.214571,0.116412,
-0.1563145,1.245077,0.118090,
-0.1488262,1.273436,0.120250,
-0.1415938,1.299936,0.121738,
-0.1319993,1.324446,0.120902,
-0.1232603,1.345855,0.121836,
-0.1158534,1.364522,0.122234,
-0.1077485,1.381973,0.12334,
-0.09951055,1.397439,0.125842,
-0.09490198,1.408556,0.126927,
-0.09153908,1.418518,0.130641,
-0.08582944,1.425527,0.13500,
-0.08209509,1.430967,0.138434,
-0.07990265,1.436656,0.144395,
-0.07603502,1.438798,0.149335,
-0.07237279,1.441834,0.153490,
-0.06924212,1.44132,0.157018,
-0.06798136,1.439112,0.160708,
-0.06520593,1.437957,0.163213,
-0.06371474,1.431624,0.163838,
-0.06174314,1.428409,0.164048,
-0.06101185,1.420829,0.164732,
-0.06080395,1.411555,0.165464,
-0.06026846,1.401253,0.164580,
-0.0598942,1.390671,0.165913,
-0.05944049,1.374518,0.167185,
-0.05908811,1.360408,0.169040,
-0.05884171,1.342224,0.171282,
-0.05864584,1.322221,0.173734,
-0.05711234,1.299844,0.177473,
-0.05631375,1.27819,0.17993,
-0.05525601,1.252678,0.183248,
-0.05179518,1.225463,0.187075,
-0.04839355,1.199797,0.190563,
-0.04461956,1.168088,0.192489,
-0.03891617,1.138633,0.195588,
-0.03267628,1.107841,0.197435,
-0.0264293,1.076049,0.197306,
-0.01681286,1.045248,0.198161,
-0.008301437,1.016875,0.197803,
0.002197504,0.9892989,0.196226,
0.01224279,0.9636369,0.194214,
0.0227536,0.9403175,0.192739,
0.03286415,0.9180959,0.189093,
0.04129958,0.896057,0.185408,
0.04933202,0.8815699,0.182292,
0.05652487,0.8636342,0.178052,
0.06058842,0.8503562,0.173597,
0.0647738,0.840588,0.170949,
0.06708068,0.8291491,0.167453,
0.06727284,0.822649,0.164216,
0.06581956,0.8192736,0.161171,
0.061719,0.8171529,0.158300,
0.05822927,0.8147153,0.15484,
0.0516063,0.817536,0.151895,
0.04290593,0.8228929,0.149774,
0.03544652,0.8275214,0.147170,
0.02378619,0.8398942,0.144762,
0.01439464,0.8478812,0.141262,
0.003060699,0.8587476,0.137743,
-0.008820653,0.8699298,0.133727,
-0.02070582,0.8811315,0.128519,
-0.03361702,0.8921579,0.12294,
-0.04690439,0.902844,0.116998,
-0.05813587,0.9134426,0.110913,
-0.07161802,0.9245976,0.104534,
-0.08533883,0.935662,0.0977383,
-0.09778327,0.9472899,0.0904989,
-0.1105239,0.9591724,0.0835475,
-0.124298,0.971799,0.0748808,
-0.1368453,0.9854556,0.0660352,
-0.1494823,1.000588,0.0565575,
-0.161656,1.015347,0.047173,
-0.1729978,1.031755,0.0367261,
-0.1844151,1.048221,0.025782,
-0.1950222,1.063923,0.0152475,
-0.203958,1.080149,0.00321912,
-0.2122834,1.095853,-0.00772881,
-0.2189381,1.111507,-0.0179326,
-0.2250574,1.126218,-0.028511,
-0.2304204,1.14037,-0.0381096,
-0.2345107,1.153952,-0.0466127,
-0.237539,1.166365,-0.0554230,
-0.2401829,1.177587,-0.0631614,
-0.2419176,1.187564,-0.070629,
-0.2424866,1.195492,-0.0770968,
-0.243954,1.203898,-0.0837327,
-0.2450573,1.20961,-0.0889035,
-0.245352,1.212917,-0.0939112,
