-0.282787,1.045639,-0.423272,
-0.2870756,1.046005,-0.421674,
-0.2899034,1.046105,-0.420537,
-0.2950872,1.046952,-0.41561,
-0.3006995,1.047686,-0.409930,
-0.305616,1.048368,-0.403950,
-0.3124679,1.04875,-0.394950,
-0.3196768,1.049084,-0.383504,
-0.3269339,1.04944,-0.37216,
-0.3370187,1.049544,-0.354323,
-0.3449693,1.049672,-0.338911,
-0.3528372,1.051042,-0.319475,
-0.3601476,1.053248,-0.29934,
-0.3667915,1.056272,-0.279665,
-0.3722475,1.062362,-0.255901,
-0.3763837,1.070709,-0.231926,
-0.3810687,1.081535,-0.205435,
-0.3831466,1.09526,-0.176227,
-0.3843609,1.108074,-0.149618,
-0.3850344,1.124723,-0.119504,
-0.3822886,1.142067,-0.0869224,
-0.3778567,1.15903,-0.0556348,
-0.3720971,1.175622,-0.0237767,
-0.3650948,1.191708,0.00749826,
-0.3547853,1.207535,0.0371909,
-0.3429895,1.221757,0.0663564,
-0.3312596,1.23563,0.0946448,
-0.3163854,1.247339,0.118183,
-0.3032191,1.258823,0.142933,
-0.2899109,1.267467,0.164137,
-0.2764182,1.275073,0.183512,
-0.2633468,1.28109,0.202106,
-0.250982,1.285758,0.218771,
-0.2392917,1.288878,0.233292,
-0.2274753,1.291743,0.247906,
-0.2167944,1.291454,0.259139,
-0.2068996,1.28878,0.269200,
-0.1977056,1.286545,0.280133,
-0.1923863,1.278744,0.285915,
-0.1862132,1.273396,0.292875,
-0.1829337,1.266598,0.29858,
-0.1826389,1.257443,0.299799,
-0.186568,1.247185,0.298536,
-0.1919416,1.236542,0.295039,
-0.1978346,1.224487,0.290615,
-0.2049831,1.210496,0.284643,
-0.2117351,1.1974,0.279130,
-0.2198915,1.181496,0.27113,
-0.2291026,1.16357,0.260453,
-0.2380912,1.144876,0.248617,
-0.2455681,1.125524,0.237302,
-0.2545986,1.10408,0.222123,
-0.2627528,1.079576,0.204592,
-0.271428,1.05538,0.185726,
-0.2789292,1.029897,0.163535,
-0.286688,1.001173,0.141017,
-0.2917526,0.973559,0.116190,
-0.2931929,0.946735,0.090375,
-0.2942311,0.9169105,0.0630672,
-0.2934708,0.8876055,0.0353603,
-0.289391,0.860598,0.00739085,
-0.2840062,0.8344947,-0.0197575,
-0.2768946,0.8128835,-0.0477242,
-0.2680391,0.795561,-0.074431,
-0.2588672,0.7777841,-0.0997116,
-0.247862,0.7692885,-0.121520,
-0.2394758,0.7604375,-0.144455,
-0.2303346,0.7514907,-0.167023,
-0.2208995,0.7504622,-0.185530,
-0.213495,0.7467496,-0.204302,
-0.209169,0.7514627,-0.219061,
-0.201556,0.7517967,-0.233598,
-0.1983088,0.7543393,-0.245167,
-0.193622,0.7570074,-0.254162,
-0.1904787,0.7606672,-0.260952,
-0.1899632,0.7650363,-0.264886,
-0.1892532,0.7691923,-0.26974,
-0.1913377,0.7748579,-0.270411,
-0.1949828,0.7807926,-0.269269,
-0.1967669,0.7858537,-0.268991,
-0.203112,0.7941827,-0.263018,
-0.2099426,0.8018578,-0.257475,
-0.215872,0.809629,-0.25222,
-0.2237585,0.8192574,-0.244420,
-0.2320485,0.8290668,-0.235307,
-0.2399101,0.8392441,-0.227467,
-0.2479696,0.8524685,-0.217718,
-0.2578894,0.8676976,-0.206062,
-0.2683911,0.8867809,-0.192347,
-0.2795231,0.909086,-0.178287,
-0.2881857,0.9346244,-0.165714,
-0.2966725,0.9585859,-0.152720,
-0.3036252,0.9867211,-0.138795,
-0.3095629,1.015802,-0.12797,
-0.3149248,1.04497,-0.115037,
-0.3168142,1.074789,-0.103711,
-0.3183725,1.105592,-0.0913333,
-0.3176595,1.136892,-0.0807750,
-0.3151911,1.166196,-0.0721811,
-0.311299,1.193881,-0.0621054,
-0.3079893,1.221325,-0.053207,
-0.3032488,1.247205,-0.0466654,
-0.2963687,1.271062,-0.0414596,
-0.290139,1.293633,-0.0367734,
-0.284042,1.315244,-0.0327042,
-0.2768681,1.333025,-0.0292847,
-0.270387,1.350237,-0.0257966,
-0.2645144,1.366637,-0.0224947,
-0.258585,1.379136,-0.0186760,
-0.2533907,1.392323,-0.0147516,
-0.2500471,1.401384,-0.0104051,
-0.2469196,1.410013,-0.0050188,
-0.2450056,1.415208,0.000756144,
-0.2441807,1.41815,0.00619351,
-0.2445868,1.419489,0.0144473,
-0.2430294,1.419585,0.0215480,
-0.2431094,1.417739,0.0267627,
-0.2433341,1.416968,0.0337622,
-0.2436405,1.412514,0.038103,
-0.2441849,1.40663,0.0417728,
-0.2451419,1.399741,0.0444735,
-0.2469112,1.390503,0.0474550,
-0.2492381,1.379393,0.0505585,
-0.2508428,1.369295,0.052281,
-0.2530524,1.356941,0.0556033,
-0.2576485,1.319682,0.0617939,
-0.2592179,1.30132,0.0661321,
-0.260453,1.279051,0.0705474,
-0.259858,1.254329,0.0757781,
-0.2585986,1.229156,0.0807319,
-0.2568101,1.202415,0.0851354,
-0.2527287,1.174134,0.0896667,
-0.2489212,1.14695,0.093717,
-0.2424935,1.117873,0.0974961,
-0.2346318,1.08746,0.100729,
-0.2263221,1.057486,0.103103,
-0.2169661,1.029441,0.105436,
-0.2047557,1.000186,0.106521,
-0.1938677,0.9727252,0.107917,
-0.1805011,0.9483304,0.109548,
-0.1686104,0.9226184,0.110499,
-0.1563371,0.8998201,0.111018,
-0.1436406,0.8816555,0.111060,
-0.1331773,0.864593,0.109022,
-0.1235189,0.8496898,0.106702,
-0.1139906,0.8348497,0.105611,
-0.1093229,0.8268214,0.103523,
-0.1010842,0.8126097,0.103199,
-0.09755695,0.8050923,0.10372,
-0.09498107,0.7969853,0.102317,
-0.0918504,0.7895062,0.101082,
-0.09292817,0.7864531,0.098800,
-0.0951184,0.7866971,0.0962446,
-0.09919786,0.7896445,0.0930552,
-0.1027274,0.7915583,0.089891,
-0.1099468,0.7982441,0.0855370,
-0.1179942,0.8062384,0.0817282,
-0.1267589,0.8164176,0.0782254,
-0.1365544,0.828426,0.0739163,
-0.1455138,0.8390707,0.0694085,
-0.1574981,0.8546853,0.0625368,
-0.1686521,0.8690289,0.055109,
-0.1788846,0.8825045,0.047671,
-0.1893933,0.8980736,0.0378111,
-0.2003514,0.9128002,0.027517,
-0.2117795,0.9273015,0.0168166,
-0.2258083,0.9427493,0.00152671,
-0.2379656,0.9567329,-0.0114446,
-0.2508561,0.9722785,-0.028240,
-0.2622468,0.9884112,-0.0448849,
-0.2718309,1.005114,-0.0647466,
-0.280252,1.023013,-0.0858645,
-0.2860115,1.042163,-0.105676,
-0.2920569,1.060914,-0.125250,
-0.2971029,1.078957,-0.143033,
-0.299075,1.096807,-0.160971,
-0.3015682,1.113668,-0.178179,
-0.3028687,1.130368,-0.194990,
-0.2999722,1.146301,-0.210117,
-0.297101,1.160548,-0.224502,
-0.294844,1.175308,-0.238594,
-0.2909242,1.188602,-0.250858,
-0.2857533,1.199807,-0.261865,
-0.2817856,1.211232,-0.273545,
-0.2763842,1.220691,-0.282235,
-0.2703133,1.22724,-0.290067,
-0.265377,1.235114,-0.298214,
-0.2607222,1.238571,-0.302643,
-0.255715,1.243363,-0.308308,
-0.2513547,1.246226,-0.312129,
-0.2472613,1.24815,-0.314598,
-0.2425197,1.24884,-0.316191,
-0.2377176,1.248895,-0.317438,
